Linux 4.18.0-348.23.1.el8_5.aarch64 (cna0140.deucalion.macc.fccn.pt) 	16/03/26 	_aarch64_	(48 CPU)

11:12:38      UID       PID    %usr %system  %guest   %wait    %CPU   CPU  Command
11:12:43        0         1    0.00    0.20    0.00    0.00    0.20    41  systemd
11:12:43        0      1461    2.95    3.15    0.00    0.00    6.10    29  node_exporter
11:12:43        0      1488    0.00    0.20    0.00    0.00    0.20     3  NetworkManager
11:12:43        0      2835    0.00    3.74    0.00    0.00    3.74    20  kiblnd_sd_01_00
11:12:43        0      2836    0.00    3.54    0.00    0.00    3.54    17  kiblnd_sd_01_01
11:12:43        0      2837    0.00    3.54    0.00    0.00    3.54    13  kiblnd_sd_01_02
11:12:43        0      2838    0.00    3.54    0.00    0.00    3.54    12  kiblnd_sd_01_03
11:12:43        0      2839    0.00    0.39    0.00    0.00    0.39    33  kiblnd_sd_02_00
11:12:43        0      2840    0.00    0.20    0.00    0.00    0.20    33  kiblnd_sd_02_01
11:12:43        0      2841    0.00    0.20    0.00    0.00    0.20    34  kiblnd_sd_02_02
11:12:43        0      2842    0.00    0.39    0.00    0.00    0.39    34  kiblnd_sd_02_03
11:12:43        0      2843    0.00    0.20    0.00    0.00    0.20    39  kiblnd_sd_03_00
11:12:43        0      2850    0.00    0.20    0.00    0.00    0.20     5  ptlrpcd_00_00
11:12:43        0      2851    0.00    0.20    0.00    0.00    0.20     9  ptlrpcd_00_01
11:12:43        0      2852    0.00    0.20    0.00    0.00    0.20     0  ptlrpcd_00_02
11:12:43        0      2853    0.00    0.20    0.00    0.00    0.20     5  ptlrpcd_00_03
11:12:43        0      2854    0.00    0.20    0.00    0.00    0.20     2  ptlrpcd_00_04
11:12:43        0      2855    0.00    0.20    0.00    0.00    0.20     0  ptlrpcd_00_05
11:12:43        0      2856    0.00    0.20    0.00    0.00    0.20     2  ptlrpcd_00_06
11:12:43        0      2857    0.00    0.20    0.00    0.00    0.20     5  ptlrpcd_00_07
11:12:43        0      2858    0.00    0.20    0.00    0.00    0.20     0  ptlrpcd_00_08
11:12:43        0      2859    0.00    0.20    0.00    0.00    0.20     5  ptlrpcd_00_09
11:12:43        0      2860    0.00    0.39    0.00    0.00    0.39    10  ptlrpcd_00_10
11:12:43        0      2861    0.00    0.20    0.00    0.00    0.20     0  ptlrpcd_00_11
11:12:43        0      2865    0.00    0.20    0.00    0.00    0.20    16  ptlrpcd_01_03
11:12:43        0      2867    0.00    0.20    0.00    0.00    0.20    18  ptlrpcd_01_05
11:12:43        0      2870    0.00    0.20    0.00    0.00    0.20    18  ptlrpcd_01_08
11:12:43        0      2874    0.00    0.20    0.00    0.00    0.20    28  ptlrpcd_02_00
11:12:43        0      2875    0.00    0.20    0.00    0.00    0.20    25  ptlrpcd_02_01
11:12:43        0      2876    0.00    0.39    0.00    0.00    0.39    26  ptlrpcd_02_02
11:12:43        0      2877    0.00    0.39    0.00    0.00    0.39    35  ptlrpcd_02_03
11:12:43        0      2878    0.00    0.20    0.00    0.00    0.20    27  ptlrpcd_02_04
11:12:43        0      2879    0.00    0.20    0.00    0.00    0.20    35  ptlrpcd_02_05
11:12:43        0      2880    0.00    0.20    0.00    0.00    0.20    35  ptlrpcd_02_06
11:12:43        0      2881    0.00    0.20    0.00    0.00    0.20    33  ptlrpcd_02_07
11:12:43        0      2882    0.00    0.20    0.00    0.00    0.20    28  ptlrpcd_02_08
11:12:43        0      2883    0.00    0.20    0.00    0.00    0.20    34  ptlrpcd_02_09
11:12:43        0      2884    0.00    0.20    0.00    0.00    0.20    35  ptlrpcd_02_10
11:12:43        0      2885    0.00    0.20    0.00    0.00    0.20    32  ptlrpcd_02_11
11:12:43        0      2886    0.00    0.20    0.00    0.00    0.20    43  ptlrpcd_03_00
11:12:43        0      2887    0.00    0.39    0.00    0.00    0.39    45  ptlrpcd_03_01
11:12:43        0      2888    0.00    0.39    0.00    0.00    0.39    43  ptlrpcd_03_02
11:12:43        0      2889    0.00    0.20    0.00    0.00    0.20    40  ptlrpcd_03_03
11:12:43        0      2890    0.00    0.20    0.00    0.00    0.20    45  ptlrpcd_03_04
11:12:43        0      2891    0.00    0.20    0.00    0.00    0.20    41  ptlrpcd_03_05
11:12:43        0      2892    0.00    0.20    0.00    0.00    0.20    44  ptlrpcd_03_06
11:12:43        0      2893    0.00    0.39    0.00    0.00    0.39    38  ptlrpcd_03_07
11:12:43        0      2894    0.00    0.20    0.00    0.00    0.20    43  ptlrpcd_03_08
11:12:43        0      2895    0.00    0.39    0.00    0.00    0.39    38  ptlrpcd_03_09
11:12:43        0      2896    0.00    0.39    0.00    0.00    0.39    45  ptlrpcd_03_10
11:12:43        0      2897    0.00    0.20    0.00    0.00    0.20    43  ptlrpcd_03_11
11:12:43        0      2918    0.00    0.20    0.00    0.00    0.20     4  ldlm_bl_01
11:12:43        0      2919    0.00    0.20    0.00    0.00    0.20    40  ldlm_bl_02
11:12:43        0      4021    0.00    0.20    0.00    0.00    0.20    33  ldlm_bl_03
11:12:43        0     10757    0.00    0.20    0.00    0.00    0.20     4  ldlm_bl_04
11:12:43        0     10760    0.00    0.20    0.00    0.00    0.20    34  ldlm_bl_05
11:12:43        0     10761    0.00    0.20    0.00    0.00    0.20    34  ldlm_bl_06
11:12:43        0     12188    0.00    0.20    0.00    0.00    0.20    29  ldlm_bl_07
11:12:43        0     12189    0.00    0.20    0.00    0.00    0.20    47  ldlm_bl_08
11:12:43        0     12191    0.00    0.20    0.00    0.00    0.20    38  ldlm_bl_10
11:12:43        0     12192    0.00    0.20    0.00    0.00    0.20    34  ldlm_bl_11
11:12:43        0     12193    0.00    0.20    0.00    0.00    0.20    26  ldlm_bl_12
11:12:43        0     12194    0.00    0.20    0.00    0.00    0.20    40  ldlm_bl_13
11:12:43        0     12195    0.00    0.20    0.00    0.00    0.20     7  ldlm_bl_14
11:12:43        0     12196    0.00    0.20    0.00    0.00    0.20    43  ldlm_bl_15
11:12:43        0     12197    0.00    0.20    0.00    0.00    0.20     2  ldlm_bl_16
11:12:43        0     12198    0.00    0.20    0.00    0.00    0.20    38  ldlm_bl_17
11:12:43        0     12199    0.00    0.20    0.00    0.00    0.20     4  ldlm_bl_18
11:12:43        0     12200    0.00    0.20    0.00    0.00    0.20     9  ldlm_bl_19
11:12:43        0     12201    0.00    0.20    0.00    0.00    0.20    34  ldlm_bl_20
11:12:43        0     12202    0.00    0.20    0.00    0.00    0.20    41  ldlm_bl_21
11:12:43        0     12203    0.00    0.20    0.00    0.00    0.20    29  ldlm_bl_22
11:12:43        0     12204    0.00    0.20    0.00    0.00    0.20    12  ldlm_bl_23
11:12:43        0     12205    0.00    0.20    0.00    0.00    0.20    41  ldlm_bl_24
11:12:43        0     12206    0.00    0.20    0.00    0.00    0.20    41  ldlm_bl_25
11:12:43        0     12207    0.00    0.20    0.00    0.00    0.20     7  ldlm_bl_26
11:12:43        0     12208    0.00    0.20    0.00    0.00    0.20     7  ldlm_bl_27
11:12:43        0     12209    0.00    0.20    0.00    0.00    0.20    45  ldlm_bl_28
11:12:43        0     12210    0.00    0.20    0.00    0.00    0.20     4  ldlm_bl_29
11:12:43        0     12211    0.00    0.20    0.00    0.00    0.20    40  ldlm_bl_30
11:12:43        0     12212    0.00    0.20    0.00    0.00    0.20    25  ldlm_bl_31
11:12:43        0    185940    0.20    0.00    0.00    0.00    0.20    38  kworker/u96:2-ipoib_wq
11:12:43        0    189699    0.20    0.00    0.00    0.00    0.20    20  kworker/u98:1-flush-lustre-ffff807f85
11:12:43    30910    191951    0.39    1.18    0.00    0.00    1.57    17  pidstat
11:12:43    30910    191952    9.45    4.33    0.00    0.00   13.78    23  python
11:12:43    30910    191953  117.52   15.55    0.00    0.00  133.07    15  java

11:12:38      UID       PID  minflt/s  majflt/s     VSZ     RSS   %MEM  Command
11:12:43        0      1461      9.06      0.00  728064   26752   0.08  node_exporter
11:12:43    30910    191951     40.16      0.00   23040   17792   0.05  pidstat
11:12:43    30910    191952    103.54      0.00   57984   37824   0.11  python
11:12:43    30910    191953    654.53      0.00 4981120  138496   0.42  java

11:12:43      UID       PID    %usr %system  %guest   %wait    %CPU   CPU  Command
11:12:48        0        11    0.00    0.20    0.00    0.00    0.20    12  rcu_sched
11:12:48        0      1488    0.20    0.00    0.00    0.00    0.20     3  NetworkManager
11:12:48      201      1772    0.00    0.20    0.00    0.00    0.20    41  telegraf
11:12:48        0      2832    0.00    0.20    0.00    0.00    0.20     7  kiblnd_sd_00_01
11:12:48        0      2836    0.00    0.20    0.00    0.00    0.20    18  kiblnd_sd_01_01
11:12:48        0      2837    0.00    0.20    0.00    0.00    0.20    20  kiblnd_sd_01_02
11:12:48        0      2838    0.00    0.20    0.00    0.00    0.20    22  kiblnd_sd_01_03
11:12:48        0      2890    0.00    0.20    0.00    0.00    0.20    45  ptlrpcd_03_04
11:12:48        0      2892    0.00    0.20    0.00    0.00    0.20    44  ptlrpcd_03_06
11:12:48        0      2894    0.00    0.20    0.00    0.00    0.20    43  ptlrpcd_03_08
11:12:48    30910    191951    0.20    1.40    0.00    0.00    1.60    17  pidstat
11:12:48    30910    191952    0.60    0.60    0.00    0.00    1.20    12  python
11:12:48    30910    191953  273.40    9.80    0.00    0.00  283.20    15  java

11:12:43      UID       PID  minflt/s  majflt/s     VSZ     RSS   %MEM  Command
11:12:48    30910    191951      2.60      0.00   23040   17792   0.05  pidstat
11:12:48    30910    191952     43.60      0.00  132864   38464   0.12  python
11:12:48    30910    191953    697.60      0.00 12442624  272704   0.83  java

11:12:48      UID       PID    %usr %system  %guest   %wait    %CPU   CPU  Command
11:12:53        0      1488    0.20    0.00    0.00    0.00    0.20     4  NetworkManager
11:12:53    30910    191951    1.00    0.80    0.00    0.00    1.80    17  pidstat
11:12:53    30910    191952    0.40    0.00    0.00    0.00    0.40     1  python
11:12:53    30910    191953  240.20    9.20    0.00    0.00  249.40    15  java

11:12:48      UID       PID  minflt/s  majflt/s     VSZ     RSS   %MEM  Command
11:12:53        0      1442      0.40      0.00 2424960    9536   0.03  cgroups_exporte
11:12:53    30910    191952      5.40      0.00  207360   39104   0.12  python
11:12:53    30910    191953    238.40      0.00 13418624  331840   1.01  java

11:12:53      UID       PID    %usr %system  %guest   %wait    %CPU   CPU  Command
11:12:58        0        11    0.00    0.20    0.00    0.00    0.20    17  rcu_sched
11:12:58        0      1461    4.60    1.60    0.00    0.00    6.20    29  node_exporter
11:12:58        0      1488    0.20    0.00    0.00    0.00    0.20    22  NetworkManager
11:12:58      201      1772    0.00    0.20    0.00    0.00    0.20    41  telegraf
11:12:58        0      2835    0.00    0.20    0.00    0.00    0.20    23  kiblnd_sd_01_00
11:12:58        0     35674    0.00    0.20    0.00    0.00    0.20    28  ldlm_cb02_002
11:12:58        0    174444    0.00    0.20    0.00    0.00    0.20     0  kworker/0:1-events
11:12:58    30910    191951    0.80    0.60    0.00    0.00    1.40    17  pidstat
11:12:58    30910    191952    0.20    0.00    0.00    0.00    0.20    37  python
11:12:58    30910    191953  201.20    6.20    0.00    0.00  207.40    15  java

11:12:53      UID       PID  minflt/s  majflt/s     VSZ     RSS   %MEM  Command
11:12:58        0      1461      9.60      0.00  728064   26624   0.08  node_exporter
11:12:58    30910    191952      0.20      0.00  207360   39104   0.12  python
11:12:58    30910    191953    222.20      0.00 13650048  388672   1.18  java

11:12:58      UID       PID    %usr %system  %guest   %wait    %CPU   CPU  Command
11:13:03        0       244    0.00    0.20    0.00    0.00    0.20    38  ksoftirqd/38
11:13:03        0      1488    0.00    0.20    0.00    0.00    0.20     0  NetworkManager
11:13:03      201      1772    0.00    0.20    0.00    0.00    0.20    41  telegraf
11:13:03      901      1802    0.00    0.20    0.00    0.00    0.20    47  icinga2
11:13:03        0      2831    0.00    0.20    0.00    0.00    0.20     1  kiblnd_sd_00_00
11:13:03        0      2833    0.00    0.20    0.00    0.00    0.20     7  kiblnd_sd_00_02
11:13:03        0      2834    0.00    0.20    0.00    0.00    0.20     5  kiblnd_sd_00_03
11:13:03        0      2835    0.00    1.20    0.00    0.00    1.20    21  kiblnd_sd_01_00
11:13:03        0      2836    0.00    1.20    0.00    0.00    1.20    20  kiblnd_sd_01_01
11:13:03        0      2837    0.00    1.40    0.00    0.00    1.40    22  kiblnd_sd_01_02
11:13:03        0      2838    0.00    1.20    0.00    0.00    1.20    23  kiblnd_sd_01_03
11:13:03        0      2839    0.00    0.20    0.00    0.00    0.20    33  kiblnd_sd_02_00
11:13:03        0      2840    0.00    0.40    0.00    0.00    0.40    33  kiblnd_sd_02_01
11:13:03        0      2841    0.00    0.40    0.00    0.00    0.40    34  kiblnd_sd_02_02
11:13:03        0      2842    0.00    0.40    0.00    0.00    0.40    34  kiblnd_sd_02_03
11:13:03        0      2847    0.00    0.20    0.00    0.00    0.20     9  monitor_thread
11:13:03        0      2853    0.00    0.20    0.00    0.00    0.20     8  ptlrpcd_00_03
11:13:03        0      2854    0.00    0.20    0.00    0.00    0.20     2  ptlrpcd_00_04
11:13:03        0      2856    0.00    0.20    0.00    0.00    0.20     2  ptlrpcd_00_06
11:13:03        0      2858    0.00    0.20    0.00    0.00    0.20     0  ptlrpcd_00_08
11:13:03        0      2859    0.00    0.20    0.00    0.00    0.20     5  ptlrpcd_00_09
11:13:03        0      2862    0.00    0.20    0.00    0.00    0.20    18  ptlrpcd_01_00
11:13:03        0      2875    0.00    0.20    0.00    0.00    0.20    28  ptlrpcd_02_01
11:13:03        0      2878    0.00    0.20    0.00    0.00    0.20    27  ptlrpcd_02_04
11:13:03        0      2879    0.00    0.20    0.00    0.00    0.20    35  ptlrpcd_02_05
11:13:03        0      2880    0.00    0.20    0.00    0.00    0.20    35  ptlrpcd_02_06
11:13:03        0      2882    0.00    0.20    0.00    0.00    0.20    27  ptlrpcd_02_08
11:13:03        0      2886    0.00    0.20    0.00    0.00    0.20    43  ptlrpcd_03_00
11:13:03        0      2889    0.00    0.20    0.00    0.00    0.20    47  ptlrpcd_03_03
11:13:03        0      2891    0.00    0.20    0.00    0.00    0.20    44  ptlrpcd_03_05
11:13:03        0      2897    0.00    0.20    0.00    0.00    0.20    44  ptlrpcd_03_11
11:13:03        0      4021    0.00    0.20    0.00    0.00    0.20    33  ldlm_bl_03
11:13:03        0     10761    0.00    0.20    0.00    0.00    0.20    34  ldlm_bl_06
11:13:03        0     12188    0.00    0.20    0.00    0.00    0.20    29  ldlm_bl_07
11:13:03        0     12190    0.00    0.20    0.00    0.00    0.20    40  ldlm_bl_09
11:13:03        0     12192    0.00    0.20    0.00    0.00    0.20    34  ldlm_bl_11
11:13:03        0     12195    0.00    0.20    0.00    0.00    0.20     7  ldlm_bl_14
11:13:03        0     12196    0.00    0.20    0.00    0.00    0.20    43  ldlm_bl_15
11:13:03        0     12201    0.00    0.20    0.00    0.00    0.20    34  ldlm_bl_20
11:13:03        0     12202    0.00    0.20    0.00    0.00    0.20    42  ldlm_bl_21
11:13:03        0     12204    0.00    0.20    0.00    0.00    0.20    13  ldlm_bl_23
11:13:03        0     12208    0.00    0.20    0.00    0.00    0.20     7  ldlm_bl_27
11:13:03        0     12209    0.00    0.20    0.00    0.00    0.20    45  ldlm_bl_28
11:13:03        0     12210    0.00    0.20    0.00    0.00    0.20     4  ldlm_bl_29
11:13:03        0     12211    0.00    0.20    0.00    0.00    0.20    40  ldlm_bl_30
11:13:03        0     12212    0.00    0.20    0.00    0.00    0.20    26  ldlm_bl_31
11:13:03      901     62737    0.20    0.00    0.00    0.00    0.20     6  icinga2
11:13:03    30910    191951    0.00    1.60    0.00    0.00    1.60    17  pidstat
11:13:03    30910    191952   21.20   12.20    0.00    0.00   33.40    39  python
11:13:03    30910    191953  258.00    9.40    0.00    0.00  267.40    15  java

11:12:58      UID       PID  minflt/s  majflt/s     VSZ     RSS   %MEM  Command
11:13:03    30910    191952    169.20      0.00  247680   74624   0.23  python
11:13:03    30910    191953    237.40      0.00 14739968  441664   1.34  java

11:13:03      UID       PID    %usr %system  %guest   %wait    %CPU   CPU  Command
11:13:08        0        11    0.00    0.20    0.00    0.00    0.20    23  rcu_sched
11:13:08        0      1442    0.20    0.20    0.00    0.00    0.40    43  cgroups_exporte
11:13:08        0      1488    0.20    0.00    0.00    0.00    0.20     1  NetworkManager
11:13:08        0      2835    0.00    0.20    0.00    0.00    0.20    14  kiblnd_sd_01_00
11:13:08        0      2836    0.00    0.40    0.00    0.00    0.40    13  kiblnd_sd_01_01
11:13:08        0      2837    0.00    0.20    0.00    0.00    0.20    22  kiblnd_sd_01_02
11:13:08        0      2838    0.00    0.40    0.00    0.00    0.40    17  kiblnd_sd_01_03
11:13:08        0      2839    0.00    0.20    0.00    0.00    0.20    32  kiblnd_sd_02_00
11:13:08        0      2840    0.00    0.20    0.00    0.00    0.20    31  kiblnd_sd_02_01
11:13:08        0      2855    0.00    0.20    0.00    0.00    0.20     8  ptlrpcd_00_05
11:13:08        0      2857    0.00    0.20    0.00    0.00    0.20     5  ptlrpcd_00_07
11:13:08        0      2863    0.00    0.20    0.00    0.00    0.20    23  ptlrpcd_01_01
11:13:08        0      2868    0.00    0.20    0.00    0.00    0.20    23  ptlrpcd_01_06
11:13:08        0      2884    0.00    0.20    0.00    0.00    0.20    26  ptlrpcd_02_10
11:13:08        0      2895    0.00    0.20    0.00    0.00    0.20    37  ptlrpcd_03_09
11:13:08      901     62737    0.00    0.20    0.00    0.00    0.20     6  icinga2
11:13:08        0    174711    0.20    0.00    0.00    0.00    0.20    10  kworker/10:2-mm_percpu_wq
11:13:08        0    185940    0.20    0.00    0.00    0.00    0.20    39  kworker/u96:2-ipoib_wq
11:13:08        0    186038    0.00    0.20    0.00    0.00    0.20    39  slurmstepd
11:13:08    30910    191951    0.00    1.60    0.00    0.00    1.60    17  pidstat
11:13:08    30910    191952    3.80    0.60    0.00    0.00    4.40    39  python
11:13:08    30910    191953  425.80   14.40    0.00    0.00  440.20    15  java

11:13:03      UID       PID  minflt/s  majflt/s     VSZ     RSS   %MEM  Command
11:13:08        0      1442      0.60      0.00 2424960    9536   0.03  cgroups_exporte
11:13:08    30910    191952      0.20      0.00  247680   74624   0.23  python
11:13:08    30910    191953    402.20      0.00 25764352  532288   1.62  java

11:13:08      UID       PID    %usr %system  %guest   %wait    %CPU   CPU  Command
11:13:13        0      1461    5.40    1.00    0.00    0.00    6.40    33  node_exporter
11:13:13        0      1488    0.00    0.40    0.00    0.00    0.40     0  NetworkManager
11:13:13        0    185859    0.20    0.00    0.00    0.00    0.20    40  kworker/40:0-events
11:13:13    30910    191951    0.40    1.20    0.00    0.00    1.60    17  pidstat
11:13:13    30910    191952    0.80    0.20    0.00    0.00    1.00    39  python
11:13:13    30910    191953  569.80   15.40    0.00    0.00  585.20    15  java

11:13:08      UID       PID  minflt/s  majflt/s     VSZ     RSS   %MEM  Command
11:13:13        0      1461     10.80      0.00  728064   29760   0.09  node_exporter
11:13:13    30910    191952      0.40      0.00  247680   74624   0.23  python
11:13:13    30910    191953    382.00      0.00 27867648  613504   1.86  java

11:13:13      UID       PID    %usr %system  %guest   %wait    %CPU   CPU  Command
11:13:18        0        11    0.00    0.20    0.00    0.00    0.20    10  rcu_sched
11:13:18        0      1488    0.20    0.20    0.00    0.00    0.40     0  NetworkManager
11:13:18      201      1772    0.20    0.20    0.00    0.00    0.40    41  telegraf
11:13:18        0      2835    0.00    0.20    0.00    0.20    0.20    14  kiblnd_sd_01_00
11:13:18        0      2836    0.00    0.20    0.00    0.00    0.20    14  kiblnd_sd_01_01
11:13:18        0      2837    0.00    0.20    0.00    0.00    0.20    14  kiblnd_sd_01_02
11:13:18        0      2838    0.00    0.20    0.00    0.20    0.20    14  kiblnd_sd_01_03
11:13:18        0      2874    0.00    0.20    0.00    0.00    0.20    28  ptlrpcd_02_00
11:13:18        0      2883    0.00    0.20    0.00    0.20    0.20    28  ptlrpcd_02_09
11:13:18        0      2885    0.00    0.20    0.00    0.00    0.20    25  ptlrpcd_02_11
11:13:18        0      2888    0.00    0.20    0.00    0.00    0.20    47  ptlrpcd_03_02
11:13:18    30910    191951    0.60    1.00    0.00    0.00    1.60    17  pidstat
11:13:18    30910    191953 2755.20   98.40    0.00    0.00 2853.60    15  java

11:13:13      UID       PID  minflt/s  majflt/s     VSZ     RSS   %MEM  Command
11:13:18      201      1772      2.20      0.00 5657344  120384   0.37  telegraf
11:13:18    30910    191953   4062.00      0.00 28767488 1625472   4.94  java

11:13:18      UID       PID    %usr %system  %guest   %wait    %CPU   CPU  Command
11:13:23        0      1442    0.20    0.00    0.00    0.00    0.20    43  cgroups_exporte
11:13:23        0      1488    0.00    0.40    0.00    0.00    0.40     4  NetworkManager
11:13:23        0    155695    0.00    0.20    0.00    0.00    0.20    43  kworker/43:2-events
11:13:23    30910    191951    1.00    0.80    0.00    0.00    1.80    17  pidstat
11:13:23    30910    191952    0.60    0.60    0.00    0.00    1.20    40  python
11:13:23    30910    191953 1982.60   84.20    0.00    0.00 2066.80    15  java

11:13:18      UID       PID  minflt/s  majflt/s     VSZ     RSS   %MEM  Command
11:13:23        0      1442      2.20      0.00 2424960    9536   0.03  cgroups_exporte
11:13:23    30910    191952      1.20      0.00  247680   74624   0.23  python
11:13:23    30910    191953    340.80      0.00 28822784 1673280   5.08  java

11:13:23      UID       PID    %usr %system  %guest   %wait    %CPU   CPU  Command
11:13:28        0        11    0.00    0.20    0.00    0.00    0.20    28  rcu_sched
11:13:28        0       810    0.00    0.20    0.00    0.00    0.20    23  jbd2/nvme0n1p4-
11:13:28        0      1461    1.40    3.60    0.00    0.00    5.00    34  node_exporter
11:13:28        0      1488    0.00    0.20    0.00    0.00    0.20     0  NetworkManager
11:13:28      201      1772    1.20    0.20    0.00    0.00    1.40    41  telegraf
11:13:28        0     12207    0.00    0.20    0.00    0.00    0.20     3  ldlm_bl_26
11:13:28        0    185940    0.20    0.00    0.00    0.00    0.20     8  kworker/u96:2-ipoib_wq
11:13:28    30910    191951    0.60    0.80    0.00    0.00    1.40    17  pidstat
11:13:28    30910    191952    2.00    0.40    0.00    0.00    2.40    37  python
11:13:28    30910    191953 1419.00  100.60    0.00    0.00 1519.60    15  java

11:13:23      UID       PID  minflt/s  majflt/s     VSZ     RSS   %MEM  Command
11:13:28        0      1461      8.40      0.00  728064   29248   0.09  node_exporter
11:13:28      201      1772      0.40      0.00 5657344  121152   0.37  telegraf
11:13:28    30910    191953   2423.40      0.00 28892416 1693568   5.15  java

11:13:28      UID       PID    %usr %system  %guest   %wait    %CPU   CPU  Command
11:13:33        0        11    0.00    0.20    0.00    0.00    0.20    17  rcu_sched
11:13:33        0      1488    0.20    0.20    0.00    0.00    0.40     1  NetworkManager
11:13:33      201      1772    0.20    0.00    0.00    0.00    0.20    41  telegraf
11:13:33      901     62737    0.20    0.00    0.00    0.00    0.20    11  icinga2
11:13:33        0    113973    0.20    0.00    0.00    0.00    0.20     2  kworker/2:1-events
11:13:33        0    170424    0.00    0.20    0.00    0.00    0.20    16  kworker/16:0-events
11:13:33        0    186031    0.20    0.00    0.00    0.00    0.20    19  slurmstepd
11:13:33    30910    191951    0.60    1.20    0.00    0.00    1.80    17  pidstat
11:13:33    30910    191952    2.20    0.80    0.00    0.00    3.00    38  python
11:13:33    30910    191953 1320.00  164.00    0.00    0.00 1484.00    15  java

11:13:28      UID       PID  minflt/s  majflt/s     VSZ     RSS   %MEM  Command
11:13:33    30910    191953    552.60      0.00 28925184 1726016   5.24  java
