Linux 4.18.0-348.23.1.el8_5.aarch64 (cna0140.deucalion.macc.fccn.pt) 	16/03/26 	_aarch64_	(48 CPU)

11:10:01      UID       PID    %usr %system  %guest   %wait    %CPU   CPU  Command
11:10:06        0        11    0.00    0.20    0.00    0.00    0.20     3  rcu_sched
11:10:06        0      1442    0.20    0.00    0.00    0.00    0.20     2  cgroups_exporte
11:10:06        0      2831    0.00    0.20    0.00    0.00    0.20    11  kiblnd_sd_00_00
11:10:06        0      2832    0.00    0.20    0.00    0.00    0.20     9  kiblnd_sd_00_01
11:10:06        0      2833    0.00    0.20    0.00    0.00    0.20    10  kiblnd_sd_00_02
11:10:06        0      2834    0.00    0.20    0.00    0.00    0.20     7  kiblnd_sd_00_03
11:10:06        0      2835    0.00    3.54    0.00    0.00    3.54    16  kiblnd_sd_01_00
11:10:06        0      2836    0.00    3.35    0.00    0.00    3.35    17  kiblnd_sd_01_01
11:10:06        0      2837    0.00    3.54    0.00    0.00    3.54    22  kiblnd_sd_01_02
11:10:06        0      2838    0.00    3.54    0.00    0.00    3.54    21  kiblnd_sd_01_03
11:10:06        0      2839    0.00    0.20    0.00    0.00    0.20    33  kiblnd_sd_02_00
11:10:06        0      2840    0.00    0.20    0.00    0.00    0.20    27  kiblnd_sd_02_01
11:10:06        0      2841    0.00    0.39    0.00    0.00    0.39    32  kiblnd_sd_02_02
11:10:06        0      2842    0.00    0.39    0.00    0.00    0.39    28  kiblnd_sd_02_03
11:10:06        0      2850    0.00    0.39    0.00    0.00    0.39     2  ptlrpcd_00_00
11:10:06        0      2851    0.00    0.39    0.00    0.00    0.39     8  ptlrpcd_00_01
11:10:06        0      2852    0.00    0.20    0.00    0.00    0.20     6  ptlrpcd_00_02
11:10:06        0      2853    0.00    0.20    0.00    0.00    0.20     3  ptlrpcd_00_03
11:10:06        0      2854    0.00    0.20    0.00    0.00    0.20    10  ptlrpcd_00_04
11:10:06        0      2855    0.00    0.20    0.00    0.00    0.20     8  ptlrpcd_00_05
11:10:06        0      2856    0.00    0.20    0.00    0.00    0.20     4  ptlrpcd_00_06
11:10:06        0      2857    0.00    0.20    0.00    0.00    0.20     3  ptlrpcd_00_07
11:10:06        0      2858    0.00    0.39    0.00    0.00    0.39    11  ptlrpcd_00_08
11:10:06        0      2859    0.00    0.20    0.00    0.00    0.20     2  ptlrpcd_00_09
11:10:06        0      2860    0.00    0.39    0.00    0.00    0.39    11  ptlrpcd_00_10
11:10:06        0      2861    0.00    0.20    0.00    0.00    0.20     6  ptlrpcd_00_11
11:10:06        0      2863    0.00    0.20    0.00    0.00    0.20    13  ptlrpcd_01_01
11:10:06        0      2868    0.00    0.20    0.00    0.00    0.20    22  ptlrpcd_01_06
11:10:06        0      2874    0.00    0.20    0.00    0.00    0.20    30  ptlrpcd_02_00
11:10:06        0      2875    0.00    0.20    0.00    0.00    0.20    34  ptlrpcd_02_01
11:10:06        0      2876    0.00    0.20    0.00    0.00    0.20    33  ptlrpcd_02_02
11:10:06        0      2877    0.00    0.20    0.00    0.00    0.20    32  ptlrpcd_02_03
11:10:06        0      2878    0.00    0.20    0.00    0.00    0.20    25  ptlrpcd_02_04
11:10:06        0      2879    0.00    0.20    0.00    0.00    0.20    33  ptlrpcd_02_05
11:10:06        0      2880    0.00    0.20    0.00    0.00    0.20    30  ptlrpcd_02_06
11:10:06        0      2881    0.00    0.20    0.00    0.00    0.20    26  ptlrpcd_02_07
11:10:06        0      2882    0.00    0.20    0.00    0.00    0.20    34  ptlrpcd_02_08
11:10:06        0      2883    0.00    0.20    0.00    0.00    0.20    25  ptlrpcd_02_09
11:10:06        0      2884    0.00    0.20    0.00    0.00    0.20    26  ptlrpcd_02_10
11:10:06        0      2885    0.00    0.20    0.00    0.00    0.20    30  ptlrpcd_02_11
11:10:06        0      2886    0.00    0.20    0.00    0.00    0.20    38  ptlrpcd_03_00
11:10:06        0      2887    0.00    0.20    0.00    0.00    0.20    41  ptlrpcd_03_01
11:10:06        0      2888    0.00    0.39    0.00    0.00    0.39    46  ptlrpcd_03_02
11:10:06        0      2889    0.00    0.20    0.00    0.00    0.20    42  ptlrpcd_03_03
11:10:06        0      2890    0.00    0.20    0.00    0.00    0.20    38  ptlrpcd_03_04
11:10:06        0      2891    0.00    0.20    0.00    0.00    0.20    43  ptlrpcd_03_05
11:10:06        0      2892    0.00    0.20    0.00    0.00    0.20    42  ptlrpcd_03_06
11:10:06        0      2893    0.00    0.20    0.00    0.00    0.20    37  ptlrpcd_03_07
11:10:06        0      2894    0.00    0.20    0.00    0.00    0.20    43  ptlrpcd_03_08
11:10:06        0      2895    0.00    0.39    0.00    0.00    0.39    38  ptlrpcd_03_09
11:10:06        0      2896    0.00    0.20    0.00    0.00    0.20    36  ptlrpcd_03_10
11:10:06        0      2897    0.00    0.20    0.00    0.00    0.20    42  ptlrpcd_03_11
11:10:06        0      2919    0.00    0.20    0.00    0.00    0.20    44  ldlm_bl_02
11:10:06        0      4021    0.00    0.20    0.00    0.00    0.20    28  ldlm_bl_03
11:10:06        0     10760    0.00    0.20    0.00    0.00    0.20    27  ldlm_bl_05
11:10:06        0     10761    0.00    0.20    0.00    0.00    0.20    29  ldlm_bl_06
11:10:06        0     12188    0.00    0.20    0.00    0.00    0.20     9  ldlm_bl_07
11:10:06        0     12189    0.00    0.20    0.00    0.00    0.20    40  ldlm_bl_08
11:10:06        0     12190    0.00    0.20    0.00    0.00    0.20    29  ldlm_bl_09
11:10:06        0     12191    0.00    0.20    0.00    0.00    0.20    45  ldlm_bl_10
11:10:06        0     12192    0.00    0.20    0.00    0.00    0.20    45  ldlm_bl_11
11:10:06        0     12193    0.00    0.20    0.00    0.00    0.20    28  ldlm_bl_12
11:10:06        0     12195    0.00    0.20    0.00    0.00    0.20    27  ldlm_bl_14
11:10:06        0     12196    0.00    0.20    0.00    0.00    0.20    47  ldlm_bl_15
11:10:06        0     12197    0.00    0.20    0.00    0.00    0.20    35  ldlm_bl_16
11:10:06        0     12199    0.00    0.20    0.00    0.00    0.20     1  ldlm_bl_18
11:10:06        0     12200    0.00    0.20    0.00    0.00    0.20     6  ldlm_bl_19
11:10:06        0     12201    0.00    0.20    0.00    0.00    0.20    45  ldlm_bl_20
11:10:06        0     12202    0.00    0.20    0.00    0.00    0.20    10  ldlm_bl_21
11:10:06        0     12203    0.00    0.20    0.00    0.00    0.20     8  ldlm_bl_22
11:10:06        0     12204    0.00    0.20    0.00    0.00    0.20     1  ldlm_bl_23
11:10:06        0     12205    0.00    0.20    0.00    0.00    0.20     1  ldlm_bl_24
11:10:06        0     12206    0.00    0.20    0.00    0.00    0.20    36  ldlm_bl_25
11:10:06        0     12207    0.00    0.20    0.00    0.00    0.20    10  ldlm_bl_26
11:10:06        0     12208    0.00    0.20    0.00    0.00    0.20     1  ldlm_bl_27
11:10:06        0     12209    0.00    0.20    0.00    0.00    0.20    17  ldlm_bl_28
11:10:06        0     12210    0.00    0.20    0.00    0.00    0.20    16  ldlm_bl_29
11:10:06        0     12211    0.00    0.20    0.00    0.00    0.20    45  ldlm_bl_30
11:10:06        0     12212    0.00    0.20    0.00    0.00    0.20    28  ldlm_bl_31
11:10:06      901     62737    0.00    0.20    0.00    0.00    0.20     1  icinga2
11:10:06        0    182465    0.00    0.20    0.00    0.00    0.20     1  kworker/u102:2-xprtiod
11:10:06        0    185871    0.20    0.00    0.00    0.00    0.20    18  kworker/18:1-mm_percpu_wq
11:10:06        0    189699    0.20    0.00    0.00    0.00    0.20    18  kworker/u98:1-flush-lustre-ffff807f85
11:10:06    30910    191228    0.20    1.38    0.00    0.00    1.57    21  pidstat
11:10:06    30910    191229    9.06    4.72    0.00    0.00   13.78    13  python
11:10:06    30910    191230  114.76   16.34    0.00    0.00  131.10    14  java

11:10:01      UID       PID  minflt/s  majflt/s     VSZ     RSS   %MEM  Command
11:10:06        0      1442      2.36      0.00 2424960    9536   0.03  cgroups_exporte
11:10:06    30910    191228     40.35      0.00   23232   17792   0.05  pidstat
11:10:06    30910    191229    103.35      0.00   57984   37824   0.11  python
11:10:06    30910    191230    647.24      0.00 4913536  134080   0.41  java

11:10:06      UID       PID    %usr %system  %guest   %wait    %CPU   CPU  Command
11:10:11        0      1461    3.40    2.60    0.00    0.00    6.00    24  node_exporter
11:10:11        0      1488    0.20    0.00    0.00    0.00    0.20     0  NetworkManager
11:10:11      201      1772    0.20    0.00    0.00    0.00    0.20    41  telegraf
11:10:11        0      2751    0.00    0.20    0.00    0.00    0.20    37  cvmfs2
11:10:11        0      2835    0.00    0.20    0.00    0.00    0.20    19  kiblnd_sd_01_00
11:10:11        0      2836    0.00    0.20    0.00    0.00    0.20    17  kiblnd_sd_01_01
11:10:11        0      2837    0.00    0.20    0.00    0.00    0.20    23  kiblnd_sd_01_02
11:10:11        0      2838    0.00    0.20    0.00    0.00    0.20    20  kiblnd_sd_01_03
11:10:11        0      2856    0.00    0.20    0.00    0.00    0.20     5  ptlrpcd_00_06
11:10:11    30910    191228    0.40    1.40    0.00    0.00    1.80    21  pidstat
11:10:11    30910    191229    0.80    0.40    0.00    0.00    1.20    13  python
11:10:11    30910    191230  277.60    6.00    0.00    0.00  283.60    14  java

11:10:06      UID       PID  minflt/s  majflt/s     VSZ     RSS   %MEM  Command
11:10:11        0      1461     11.00      0.00  728064   20800   0.06  node_exporter
11:10:11    30910    191228      2.80      0.00   23232   22016   0.07  pidstat
11:10:11    30910    191229     43.60      0.00  132864   38464   0.12  python
11:10:11    30910    191230    713.40      0.00 12510208  268416   0.82  java

11:10:11      UID       PID    %usr %system  %guest   %wait    %CPU   CPU  Command
11:10:16        0        11    0.00    0.20    0.00    0.00    0.20     7  rcu_sched
11:10:16        0      1488    0.40    0.00    0.00    0.00    0.40     1  NetworkManager
11:10:16        0    179150    0.20    0.00    0.00    0.00    0.20     1  kworker/1:2-mm_percpu_wq
11:10:16        0    185940    0.20    0.00    0.00    0.00    0.20    10  kworker/u96:2-ipoib_wq
11:10:16    30910    191228    0.20    1.40    0.00    0.00    1.60    21  pidstat
11:10:16    30910    191229    0.00    0.20    0.00    0.00    0.20    37  python
11:10:16    30910    191230  252.60    9.80    0.00    0.00  262.40    14  java

11:10:11      UID       PID  minflt/s  majflt/s     VSZ     RSS   %MEM  Command
11:10:16    30910    191229      5.40      0.00  207360   39104   0.12  python
11:10:16    30910    191230    240.00      0.00 13426816  338240   1.03  java

11:10:16      UID       PID    %usr %system  %guest   %wait    %CPU   CPU  Command
11:10:21        0      1442    0.20    0.00    0.00    0.00    0.20     2  cgroups_exporte
11:10:21        0      1488    0.00    0.20    0.00    0.00    0.20     1  NetworkManager
11:10:21      201      1772    0.20    0.00    0.00    0.00    0.20    41  telegraf
11:10:21        0    185859    0.20    0.00    0.00    0.00    0.20    40  kworker/40:0-events
11:10:21    30910    191228    0.40    1.20    0.00    0.00    1.60    21  pidstat
11:10:21    30910    191229    0.00    0.20    0.00    0.00    0.20    37  python
11:10:21    30910    191230  223.20    5.80    0.00    0.00  229.00    14  java

11:10:16      UID       PID  minflt/s  majflt/s     VSZ     RSS   %MEM  Command
11:10:21        0      1442      2.40      0.00 2424960    9536   0.03  cgroups_exporte
11:10:21    30910    191229      0.20      0.00  207360   39104   0.12  python
11:10:21    30910    191230    248.40      0.00 13650048  390464   1.19  java

11:10:21      UID       PID    %usr %system  %guest   %wait    %CPU   CPU  Command
11:10:26        0        11    0.00    0.20    0.00    0.00    0.20     7  rcu_sched
11:10:26        0      1461    1.80    3.40    0.00    0.00    5.20    24  node_exporter
11:10:26        0      1488    0.20    0.00    0.00    0.00    0.20     2  NetworkManager
11:10:26        0      2835    0.00    1.20    0.00    0.00    1.20    15  kiblnd_sd_01_00
11:10:26        0      2836    0.00    1.20    0.00    0.00    1.20    16  kiblnd_sd_01_01
11:10:26        0      2837    0.00    1.20    0.00    0.00    1.20    14  kiblnd_sd_01_02
11:10:26        0      2838    0.00    1.40    0.00    0.00    1.40    20  kiblnd_sd_01_03
11:10:26        0      2839    0.00    0.40    0.00    0.00    0.40    27  kiblnd_sd_02_00
11:10:26        0      2840    0.00    0.40    0.00    0.00    0.40    32  kiblnd_sd_02_01
11:10:26        0      2841    0.00    0.40    0.00    0.00    0.40    33  kiblnd_sd_02_02
11:10:26        0      2842    0.00    0.40    0.00    0.00    0.40    28  kiblnd_sd_02_03
11:10:26        0      2852    0.00    0.20    0.00    0.00    0.20     6  ptlrpcd_00_02
11:10:26        0      2853    0.00    0.20    0.00    0.00    0.20     7  ptlrpcd_00_03
11:10:26        0      2854    0.00    0.20    0.00    0.00    0.20    11  ptlrpcd_00_04
11:10:26        0      2855    0.00    0.20    0.00    0.00    0.20     8  ptlrpcd_00_05
11:10:26        0      2857    0.00    0.20    0.00    0.00    0.20     3  ptlrpcd_00_07
11:10:26        0      2859    0.00    0.20    0.00    0.00    0.20     4  ptlrpcd_00_09
11:10:26        0      2869    0.00    0.20    0.00    0.00    0.20    19  ptlrpcd_01_07
11:10:26        0      2874    0.00    0.20    0.00    0.00    0.20    30  ptlrpcd_02_00
11:10:26        0      2879    0.00    0.20    0.00    0.00    0.20    34  ptlrpcd_02_05
11:10:26        0      2881    0.00    0.20    0.00    0.00    0.20    26  ptlrpcd_02_07
11:10:26        0      2883    0.00    0.20    0.00    0.00    0.20    32  ptlrpcd_02_09
11:10:26        0      2884    0.00    0.20    0.00    0.00    0.20    28  ptlrpcd_02_10
11:10:26        0      2885    0.00    0.20    0.00    0.00    0.20    30  ptlrpcd_02_11
11:10:26        0      2887    0.00    0.20    0.00    0.00    0.20    47  ptlrpcd_03_01
11:10:26        0      2890    0.00    0.20    0.00    0.00    0.20    41  ptlrpcd_03_04
11:10:26        0      2891    0.00    0.20    0.00    0.00    0.20    42  ptlrpcd_03_05
11:10:26        0      2892    0.00    0.20    0.00    0.00    0.20    45  ptlrpcd_03_06
11:10:26        0      2893    0.00    0.20    0.00    0.00    0.20    43  ptlrpcd_03_07
11:10:26        0      2894    0.00    0.20    0.00    0.00    0.20    36  ptlrpcd_03_08
11:10:26        0      2896    0.00    0.20    0.00    0.00    0.20    46  ptlrpcd_03_10
11:10:26        0      2897    0.00    0.20    0.00    0.00    0.20    42  ptlrpcd_03_11
11:10:26        0      2918    0.00    0.20    0.00    0.00    0.20     8  ldlm_bl_01
11:10:26        0      2919    0.00    0.20    0.00    0.00    0.20    45  ldlm_bl_02
11:10:26        0     10757    0.00    0.20    0.00    0.00    0.20     1  ldlm_bl_04
11:10:26        0     10760    0.00    0.20    0.00    0.00    0.20    29  ldlm_bl_05
11:10:26        0     12189    0.00    0.20    0.00    0.00    0.20    40  ldlm_bl_08
11:10:26        0     12193    0.00    0.20    0.00    0.00    0.20    29  ldlm_bl_12
11:10:26        0     12194    0.00    0.20    0.00    0.00    0.20    47  ldlm_bl_13
11:10:26        0     12198    0.00    0.20    0.00    0.00    0.20    45  ldlm_bl_17
11:10:26        0     12199    0.00    0.20    0.00    0.00    0.20     2  ldlm_bl_18
11:10:26        0     12200    0.00    0.20    0.00    0.00    0.20     7  ldlm_bl_19
11:10:26        0     12206    0.00    0.20    0.00    0.00    0.20    38  ldlm_bl_25
11:10:26    30910    191228    0.80    1.20    0.00    0.00    2.00    21  pidstat
11:10:26    30910    191229   20.40   14.00    0.00    0.00   34.40    25  python
11:10:26    30910    191230  238.60    8.60    0.00    0.00  247.20    14  java

11:10:21      UID       PID  minflt/s  majflt/s     VSZ     RSS   %MEM  Command
11:10:26        0      1461     11.20      0.00  728064   20608   0.06  node_exporter
11:10:26    30910    191229    169.20      0.00  247680   74624   0.23  python
11:10:26    30910    191230    188.40      0.00 15018496  443520   1.35  java

11:10:26      UID       PID    %usr %system  %guest   %wait    %CPU   CPU  Command
11:10:31        0      1488    0.00    0.20    0.00    0.00    0.20     2  NetworkManager
11:10:31      201      1772    0.20    0.00    0.00    0.00    0.20    41  telegraf
11:10:31      901      1802    0.20    0.00    0.00    0.00    0.20    40  icinga2
11:10:31        0      2832    0.00    0.20    0.00    0.00    0.20     9  kiblnd_sd_00_01
11:10:31        0      2835    0.00    0.20    0.00    0.00    0.20    17  kiblnd_sd_01_00
11:10:31        0      2836    0.00    0.40    0.00    0.00    0.40    15  kiblnd_sd_01_01
11:10:31        0      2837    0.00    0.40    0.00    0.00    0.40    21  kiblnd_sd_01_02
11:10:31        0      2838    0.00    0.20    0.00    0.00    0.20    12  kiblnd_sd_01_03
11:10:31        0      2845    0.00    0.20    0.00    0.00    0.20    43  kiblnd_sd_03_02
11:10:31        0      2861    0.00    0.20    0.00    0.00    0.20     6  ptlrpcd_00_11
11:10:31        0      2864    0.00    0.20    0.00    0.00    0.20    20  ptlrpcd_01_02
11:10:31        0      2889    0.00    0.20    0.00    0.00    0.20    37  ptlrpcd_03_03
11:10:31        0     12191    0.00    0.20    0.00    0.00    0.20    36  ldlm_bl_10
11:10:31        0     12205    0.00    0.20    0.00    0.00    0.20     2  ldlm_bl_24
11:10:31      901     62737    0.20    0.00    0.00    0.00    0.20     1  icinga2
11:10:31        0    183211    0.20    0.00    0.00    0.00    0.20     2  kworker/u97:2-flush-lustre-ffff807f85
11:10:31    30910    191228    0.20    1.40    0.00    0.00    1.60    21  pidstat
11:10:31    30910    191229    3.80    0.80    0.00    0.00    4.60    28  python
11:10:31    30910    191230  409.00   17.40    0.00    0.00  426.40    14  java

11:10:26      UID       PID  minflt/s  majflt/s     VSZ     RSS   %MEM  Command
11:10:31    30910    191229      0.20      0.00  247680   74624   0.23  python
11:10:31    30910    191230    563.60      0.00 25223680  573568   1.74  java

11:10:31      UID       PID    %usr %system  %guest   %wait    %CPU   CPU  Command
11:10:36        0        11    0.00    0.20    0.00    0.00    0.20     8  rcu_sched
11:10:36        0      1488    0.00    0.20    0.00    0.00    0.20     2  NetworkManager
11:10:36        0    174444    0.00    0.20    0.00    0.00    0.20     0  kworker/0:1-events
11:10:36        0    185940    0.20    0.00    0.00    0.00    0.20     2  kworker/u96:2-ipoib_wq
11:10:36        0    186038    0.00    0.20    0.00    0.00    0.20    39  slurmstepd
11:10:36    30910    191228    0.20    1.40    0.00    0.00    1.60    17  pidstat
11:10:36    30910    191229    0.20    0.60    0.00    0.00    0.80    28  python
11:10:36    30910    191230  588.80   12.20    0.00    0.00  601.00    14  java

11:10:31      UID       PID  minflt/s  majflt/s     VSZ     RSS   %MEM  Command
11:10:36    30910    191229      0.40      0.00  247680   74624   0.23  python
11:10:36    30910    191230    617.00      0.00 27732480  729600   2.22  java

11:10:36      UID       PID    %usr %system  %guest   %wait    %CPU   CPU  Command
11:10:41        0      1461    3.60    0.80    0.00    0.20    4.40    35  node_exporter
11:10:41        0      1488    0.20    0.20    0.00    0.00    0.40     0  NetworkManager
11:10:41      201      1772    0.20    0.00    0.00    0.00    0.20    41  telegraf
11:10:41        0      2830    0.00    0.20    0.00    0.00    0.20     0  kiblnd_connd
11:10:41        0      2835    0.00    0.20    0.00    0.00    0.20    20  kiblnd_sd_01_00
11:10:41        0      2836    0.00    0.20    0.00    0.20    0.20    15  kiblnd_sd_01_01
11:10:41        0      2837    0.00    0.20    0.00    0.20    0.20    20  kiblnd_sd_01_02
11:10:41        0      2838    0.00    0.20    0.00    0.00    0.20    12  kiblnd_sd_01_03
11:10:41        0      2839    0.00    0.20    0.00    0.00    0.20    33  kiblnd_sd_02_00
11:10:41        0      2840    0.00    0.20    0.00    0.00    0.20    32  kiblnd_sd_02_01
11:10:41        0      2850    0.00    0.20    0.00    0.00    0.20    11  ptlrpcd_00_00
11:10:41        0      2851    0.00    0.20    0.00    0.00    0.20     9  ptlrpcd_00_01
11:10:41        0      2886    0.00    0.20    0.00    0.00    0.20    41  ptlrpcd_03_00
11:10:41        0     12190    0.00    0.20    0.00    0.00    0.20    40  ldlm_bl_09
11:10:41        0     12197    0.00    0.20    0.00    0.00    0.20     7  ldlm_bl_16
11:10:41      901     62737    0.00    0.20    0.00    0.00    0.20     2  icinga2
11:10:41    30910    191228    0.20    1.40    0.00    0.00    1.60    18  pidstat
11:10:41    30910    191230 2746.20   73.80    0.00    0.00 2820.00    14  java

11:10:36      UID       PID  minflt/s  majflt/s     VSZ     RSS   %MEM  Command
11:10:41        0      1461      4.60      0.00  728064   18944   0.06  node_exporter
11:10:41    30910    191230   3665.80      0.00 28758400 1625984   4.94  java

11:10:41      UID       PID    %usr %system  %guest   %wait    %CPU   CPU  Command
11:10:46        0        11    0.00    0.20    0.00    0.20    0.20    34  rcu_sched
11:10:46    30910    191228    0.60    1.20    0.00    0.00    1.80    18  pidstat
11:10:46    30910    191229    1.20    0.20    0.00    0.00    1.40    28  python
11:10:46    30910    191230 2128.00   79.20    0.00    0.00 2207.20    14  java

11:10:41      UID       PID  minflt/s  majflt/s     VSZ     RSS   %MEM  Command
11:10:46    30910    191229      1.20      0.00  247680   74624   0.23  python
11:10:46    30910    191230    561.20      0.00 28820288 1718784   5.22  java

11:10:46      UID       PID    %usr %system  %guest   %wait    %CPU   CPU  Command
11:10:51        0       250    0.20    0.00    0.00    0.00    0.20    39  ksoftirqd/39
11:10:51        0      1442    0.00    0.20    0.00    0.00    0.20     2  cgroups_exporte
11:10:51        0      1488    0.20    0.40    0.00    0.00    0.60    10  NetworkManager
11:10:51      201      1772    0.20    0.00    0.00    0.00    0.20    41  telegraf
11:10:51        0      2835    0.00    0.20    0.00    0.00    0.20    20  kiblnd_sd_01_00
11:10:51        0    158800    0.00    0.20    0.00    0.00    0.20    31  kworker/31:1-events
11:10:51        0    160245    0.20    0.00    0.00    0.00    0.20    35  kworker/35:1-events
11:10:51        0    177586    0.20    0.00    0.00    0.00    0.20    37  kworker/37:0-events
11:10:51        0    177587    0.20    0.00    0.00    0.00    0.20    45  kworker/45:2-events
11:10:51        0    185872    0.00    0.20    0.00    0.00    0.20    41  kworker/41:1-events
11:10:51    30910    191228    0.40    1.20    0.00    0.00    1.60    18  pidstat
11:10:51    30910    191229    1.40    0.40    0.00    0.00    1.80    35  python
11:10:51    30910    191230 1484.40   95.00    0.00    0.00 1579.40    14  java

11:10:46      UID       PID  minflt/s  majflt/s     VSZ     RSS   %MEM  Command
11:10:51        0      1442      2.00      0.00 2424960    9536   0.03  cgroups_exporte
11:10:51    30910    191230    591.20      0.00 28889856 1769792   5.38  java

11:10:51      UID       PID    %usr %system  %guest   %wait    %CPU   CPU  Command
11:10:56        0        11    0.00    0.20    0.00    0.00    0.20    33  rcu_sched
11:10:56        0       326    0.00    0.20    0.00    0.00    0.20    27  kworker/27:1-events
11:10:56        0      1461    2.00    0.80    0.00    0.20    2.80    28  node_exporter
11:10:56        0      1488    0.20    0.00    0.00    0.00    0.20     0  NetworkManager
11:10:56      201      1772    0.20    0.00    0.00    0.00    0.20    41  telegraf
11:10:56        0      2844    0.00    0.20    0.00    0.00    0.20    41  kiblnd_sd_03_01
11:10:56        0      2871    0.00    0.20    0.00    0.00    0.20    18  ptlrpcd_01_09
11:10:56        0     88488    0.00    0.20    0.00    0.00    0.20     8  kworker/8:0-mm_percpu_wq
11:10:56        0    102412    0.00    0.20    0.00    0.00    0.20    19  kworker/19:2-events
11:10:56        0    185859    0.20    0.00    0.00    0.00    0.20    40  kworker/40:0-events
11:10:56        0    185940    0.20    0.00    0.00    0.00    0.20    38  kworker/u96:2-ipoib_wq
11:10:56    30910    191228    0.80    0.80    0.00    0.00    1.60    18  pidstat
11:10:56    30910    191229    2.20    1.20    0.00    0.00    3.40    25  python
11:10:56    30910    191230 1177.00  146.20    0.00    0.00 1323.20    14  java

11:10:51      UID       PID  minflt/s  majflt/s     VSZ     RSS   %MEM  Command
11:10:56        0      1461      9.60      0.00  728064   19904   0.06  node_exporter
11:10:56    30910    191230   2084.80      0.00 28920576 1767104   5.37  java
