Linux 4.18.0-348.23.1.el8_5.aarch64 (cna0140.deucalion.macc.fccn.pt) 	16/03/26 	_aarch64_	(48 CPU)

11:15:31      UID       PID    %usr %system  %guest   %wait    %CPU   CPU  Command
11:15:36        0        11    0.00    0.20    0.00    0.20    0.20    10  rcu_sched
11:15:36        0      1488    0.00    0.39    0.00    0.00    0.39     1  NetworkManager
11:15:36        0      2831    0.00    0.20    0.00    0.00    0.20    10  kiblnd_sd_00_00
11:15:36        0      2832    0.00    0.20    0.00    0.00    0.20    11  kiblnd_sd_00_01
11:15:36        0      2833    0.00    0.20    0.00    0.00    0.20     8  kiblnd_sd_00_02
11:15:36        0      2834    0.00    0.20    0.00    0.00    0.20     8  kiblnd_sd_00_03
11:15:36        0      2835    0.00    3.55    0.00    0.00    3.55    12  kiblnd_sd_01_00
11:15:36        0      2836    0.00    3.75    0.00    0.00    3.75    13  kiblnd_sd_01_01
11:15:36        0      2837    0.00    3.35    0.00    0.00    3.35    12  kiblnd_sd_01_02
11:15:36        0      2838    0.00    3.75    0.00    0.00    3.75    13  kiblnd_sd_01_03
11:15:36        0      2839    0.00    0.39    0.00    0.00    0.39    28  kiblnd_sd_02_00
11:15:36        0      2840    0.00    0.39    0.00    0.00    0.39    32  kiblnd_sd_02_01
11:15:36        0      2841    0.00    0.20    0.00    0.00    0.20    27  kiblnd_sd_02_02
11:15:36        0      2842    0.00    0.20    0.00    0.00    0.20    26  kiblnd_sd_02_03
11:15:36        0      2850    0.00    0.20    0.00    0.00    0.20     4  ptlrpcd_00_00
11:15:36        0      2851    0.00    0.20    0.00    0.00    0.20     7  ptlrpcd_00_01
11:15:36        0      2852    0.00    0.20    0.00    0.00    0.20     9  ptlrpcd_00_02
11:15:36        0      2853    0.00    0.20    0.00    0.00    0.20     5  ptlrpcd_00_03
11:15:36        0      2854    0.00    0.20    0.00    0.00    0.20     2  ptlrpcd_00_04
11:15:36        0      2855    0.00    0.20    0.00    0.00    0.20     9  ptlrpcd_00_05
11:15:36        0      2856    0.00    0.20    0.00    0.00    0.20     4  ptlrpcd_00_06
11:15:36        0      2857    0.00    0.20    0.00    0.00    0.20     7  ptlrpcd_00_07
11:15:36        0      2858    0.00    0.20    0.00    0.00    0.20     7  ptlrpcd_00_08
11:15:36        0      2859    0.00    0.20    0.00    0.00    0.20     4  ptlrpcd_00_09
11:15:36        0      2860    0.00    0.20    0.00    0.00    0.20     5  ptlrpcd_00_10
11:15:36        0      2861    0.00    0.20    0.00    0.00    0.20    11  ptlrpcd_00_11
11:15:36        0      2864    0.00    0.20    0.00    0.00    0.20    21  ptlrpcd_01_02
11:15:36        0      2871    0.00    0.20    0.00    0.00    0.20    16  ptlrpcd_01_09
11:15:36        0      2875    0.00    0.20    0.00    0.00    0.20    28  ptlrpcd_02_01
11:15:36        0      2876    0.00    0.20    0.00    0.00    0.20    31  ptlrpcd_02_02
11:15:36        0      2877    0.00    0.20    0.00    0.00    0.20    35  ptlrpcd_02_03
11:15:36        0      2880    0.00    0.20    0.00    0.00    0.20    35  ptlrpcd_02_06
11:15:36        0      2881    0.00    0.20    0.00    0.00    0.20    24  ptlrpcd_02_07
11:15:36        0      2882    0.00    0.20    0.00    0.00    0.20    25  ptlrpcd_02_08
11:15:36        0      2886    0.00    0.39    0.00    0.00    0.39    46  ptlrpcd_03_00
11:15:36        0      2887    0.00    0.39    0.00    0.00    0.39    38  ptlrpcd_03_01
11:15:36        0      2888    0.00    0.39    0.00    0.00    0.39    46  ptlrpcd_03_02
11:15:36        0      2889    0.00    0.39    0.00    0.00    0.39    43  ptlrpcd_03_03
11:15:36        0      2890    0.00    0.39    0.00    0.00    0.39    43  ptlrpcd_03_04
11:15:36        0      2891    0.00    0.39    0.00    0.00    0.39    44  ptlrpcd_03_05
11:15:36        0      2892    0.00    0.39    0.00    0.00    0.39    41  ptlrpcd_03_06
11:15:36        0      2893    0.00    0.39    0.00    0.00    0.39    36  ptlrpcd_03_07
11:15:36        0      2894    0.00    0.39    0.00    0.00    0.39    41  ptlrpcd_03_08
11:15:36        0      2895    0.00    0.39    0.00    0.00    0.39    38  ptlrpcd_03_09
11:15:36        0      2896    0.00    0.39    0.00    0.00    0.39    36  ptlrpcd_03_10
11:15:36        0      2897    0.00    0.39    0.00    0.00    0.39    43  ptlrpcd_03_11
11:15:36        0      2918    0.00    0.20    0.00    0.00    0.20    42  ldlm_bl_01
11:15:36        0      2919    0.00    0.20    0.00    0.00    0.20    39  ldlm_bl_02
11:15:36        0      4021    0.00    0.20    0.00    0.00    0.20    28  ldlm_bl_03
11:15:36        0     10757    0.00    0.20    0.00    0.00    0.20     2  ldlm_bl_04
11:15:36        0     10760    0.00    0.20    0.00    0.00    0.20    42  ldlm_bl_05
11:15:36        0     10761    0.00    0.20    0.00    0.00    0.20    42  ldlm_bl_06
11:15:36        0     12188    0.00    0.20    0.00    0.00    0.20    34  ldlm_bl_07
11:15:36        0     12189    0.00    0.20    0.00    0.00    0.20    40  ldlm_bl_08
11:15:36        0     12190    0.00    0.20    0.00    0.00    0.20    45  ldlm_bl_09
11:15:36        0     12191    0.00    0.20    0.00    0.00    0.20    37  ldlm_bl_10
11:15:36        0     12192    0.00    0.20    0.00    0.00    0.20    34  ldlm_bl_11
11:15:36        0     12193    0.00    0.20    0.00    0.00    0.20    34  ldlm_bl_12
11:15:36        0     12194    0.00    0.20    0.00    0.00    0.20    42  ldlm_bl_13
11:15:36        0     12195    0.00    0.20    0.00    0.00    0.20    39  ldlm_bl_14
11:15:36        0     12196    0.00    0.20    0.00    0.00    0.20    46  ldlm_bl_15
11:15:36        0     12197    0.00    0.20    0.00    0.00    0.20     3  ldlm_bl_16
11:15:36        0     12198    0.00    0.20    0.00    0.00    0.20    45  ldlm_bl_17
11:15:36        0     12199    0.00    0.20    0.00    0.00    0.20     6  ldlm_bl_18
11:15:36        0     12200    0.00    0.20    0.00    0.00    0.20     8  ldlm_bl_19
11:15:36        0     12201    0.00    0.20    0.00    0.00    0.20    25  ldlm_bl_20
11:15:36        0     12202    0.00    0.20    0.00    0.00    0.20    47  ldlm_bl_21
11:15:36        0     12203    0.00    0.20    0.00    0.00    0.20    10  ldlm_bl_22
11:15:36        0     12204    0.00    0.20    0.00    0.00    0.20    21  ldlm_bl_23
11:15:36        0     12205    0.00    0.20    0.00    0.00    0.20    40  ldlm_bl_24
11:15:36        0     12206    0.00    0.20    0.00    0.00    0.20    45  ldlm_bl_25
11:15:36        0     12208    0.00    0.20    0.00    0.00    0.20     3  ldlm_bl_27
11:15:36        0     12209    0.00    0.20    0.00    0.00    0.20    45  ldlm_bl_28
11:15:36        0     12210    0.00    0.20    0.00    0.00    0.20    11  ldlm_bl_29
11:15:36        0     12211    0.00    0.20    0.00    0.00    0.20    42  ldlm_bl_30
11:15:36        0     12212    0.00    0.20    0.00    0.00    0.20    40  ldlm_bl_31
11:15:36        0    171841    0.20    0.00    0.00    0.00    0.20    20  kworker/20:2-mm_percpu_wq
11:15:36    30910    192679    0.39    1.38    0.00    0.00    1.78     0  pidstat
11:15:36    30910    192682    9.07    3.94    0.00    0.00   13.02    18  python
11:15:36    30910    192685  118.54   14.60    0.00    0.00  133.14    20  java

11:15:31      UID       PID  minflt/s  majflt/s     VSZ     RSS   %MEM  Command
11:15:36        0      1442      0.20      0.00 2424960    9536   0.03  cgroups_exporte
11:15:36      201      1772      0.20      0.00 5657344  122432   0.37  telegraf
11:15:36    30910    192679     40.24      0.00   23040   17792   0.05  pidstat
11:15:36    30910    192682    102.17      0.00   57984   37824   0.11  python
11:15:36    30910    192685    644.77      0.00 4845952  129024   0.39  java

11:15:36      UID       PID    %usr %system  %guest   %wait    %CPU   CPU  Command
11:15:41        0      1461    4.40    2.00    0.00    0.00    6.40    34  node_exporter
11:15:41        0      1488    0.20    0.00    0.00    0.00    0.20     0  NetworkManager
11:15:41      201      1772    0.20    0.00    0.00    0.00    0.20    41  telegraf
11:15:41        0      2835    0.00    0.20    0.00    0.00    0.20    21  kiblnd_sd_01_00
11:15:41        0      2890    0.00    0.20    0.00    0.00    0.20    43  ptlrpcd_03_04
11:15:41        0      2893    0.00    0.20    0.00    0.00    0.20    46  ptlrpcd_03_07
11:15:41        0     47222    0.00    0.20    0.00    0.00    0.20    24  kworker/24:2-events
11:15:41        0    182465    0.00    0.20    0.00    0.00    0.20     1  kworker/u102:2-xprtiod
11:15:41        0    185940    0.20    0.00    0.00    0.00    0.20    26  kworker/u96:2-ipoib_wq
11:15:41    30910    192679    0.20    1.40    0.00    0.00    1.60     0  pidstat
11:15:41    30910    192682    1.00    0.40    0.00    0.00    1.40    19  python
11:15:41    30910    192685  273.00   10.40    0.00    0.00  283.40    20  java

11:15:36      UID       PID  minflt/s  majflt/s     VSZ     RSS   %MEM  Command
11:15:41        0      1461      7.80      0.00  728064   26624   0.08  node_exporter
11:15:41    30910    192679      2.60      0.00   23040   17792   0.05  pidstat
11:15:41    30910    192682     43.60      0.00  132864   38464   0.12  python
11:15:41    30910    192685    695.80      0.00 12510336  272960   0.83  java

11:15:41      UID       PID    %usr %system  %guest   %wait    %CPU   CPU  Command
11:15:46        0        11    0.00    0.20    0.00    0.00    0.20     3  rcu_sched
11:15:46        0      1488    0.00    0.20    0.00    0.00    0.20     1  NetworkManager
11:15:46        0      2836    0.00    0.20    0.00    0.00    0.20    22  kiblnd_sd_01_01
11:15:46        0      2837    0.00    0.20    0.00    0.00    0.20    19  kiblnd_sd_01_02
11:15:46        0      2852    0.00    0.20    0.00    0.00    0.20     0  ptlrpcd_00_02
11:15:46        0    186038    0.00    0.20    0.00    0.00    0.20    39  slurmstepd
11:15:46    30910    192679    0.20    1.40    0.00    0.00    1.60     0  pidstat
11:15:46    30910    192682    0.20    0.00    0.00    0.00    0.20    25  python
11:15:46    30910    192685  240.40    9.20    0.00    0.00  249.60    20  java

11:15:41      UID       PID  minflt/s  majflt/s     VSZ     RSS   %MEM  Command
11:15:46    30910    192682      5.40      0.00  207360   39104   0.12  python
11:15:46    30910    192685    241.20      0.00 13492352  332928   1.01  java

11:15:46      UID       PID    %usr %system  %guest   %wait    %CPU   CPU  Command
11:15:51        0      1442    0.40    0.00    0.00    0.00    0.40    43  cgroups_exporte
11:15:51      201      1772    0.20    0.00    0.00    0.00    0.20    41  telegraf
11:15:51    30910    192679    0.80    0.80    0.00    0.00    1.60     0  pidstat
11:15:51    30910    192682    0.20    0.20    0.00    0.00    0.40    25  python
11:15:51    30910    192685  220.60    6.40    0.00    0.00  227.00    20  java

11:15:46      UID       PID  minflt/s  majflt/s     VSZ     RSS   %MEM  Command
11:15:51        0      1442      0.80      0.00 2424960    9536   0.03  cgroups_exporte
11:15:51    30910    192682      0.20      0.00  207360   39104   0.12  python
11:15:51    30910    192685    236.60      0.00 13582464  402752   1.22  java

11:15:51      UID       PID    %usr %system  %guest   %wait    %CPU   CPU  Command
11:15:56        0        11    0.00    0.20    0.00    0.00    0.20     8  rcu_sched
11:15:56        0      1461    5.00    2.00    0.00    0.00    7.00    34  node_exporter
11:15:56        0      1488    0.20    0.20    0.00    0.00    0.40     0  NetworkManager
11:15:56        0      2832    0.00    0.20    0.00    0.00    0.20    11  kiblnd_sd_00_01
11:15:56        0      2834    0.00    0.20    0.00    0.00    0.20     7  kiblnd_sd_00_03
11:15:56        0      2835    0.00    1.20    0.00    0.00    1.20    16  kiblnd_sd_01_00
11:15:56        0      2836    0.00    1.20    0.00    0.00    1.20    21  kiblnd_sd_01_01
11:15:56        0      2837    0.00    1.20    0.00    0.00    1.20    23  kiblnd_sd_01_02
11:15:56        0      2838    0.00    1.40    0.00    0.00    1.40    15  kiblnd_sd_01_03
11:15:56        0      2839    0.00    0.40    0.00    0.00    0.40    32  kiblnd_sd_02_00
11:15:56        0      2840    0.00    0.40    0.00    0.00    0.40    35  kiblnd_sd_02_01
11:15:56        0      2841    0.00    0.40    0.00    0.00    0.40    35  kiblnd_sd_02_02
11:15:56        0      2842    0.00    0.40    0.00    0.00    0.40    32  kiblnd_sd_02_03
11:15:56        0      2850    0.00    0.20    0.00    0.00    0.20     6  ptlrpcd_00_00
11:15:56        0      2851    0.00    0.20    0.00    0.00    0.20     7  ptlrpcd_00_01
11:15:56        0      2861    0.00    0.20    0.00    0.00    0.20     8  ptlrpcd_00_11
11:15:56        0      2873    0.00    0.20    0.00    0.00    0.20    12  ptlrpcd_01_11
11:15:56        0      2874    0.00    0.20    0.00    0.00    0.20    33  ptlrpcd_02_00
11:15:56        0      2878    0.00    0.20    0.00    0.00    0.20    35  ptlrpcd_02_04
11:15:56        0      2879    0.00    0.20    0.00    0.00    0.20    34  ptlrpcd_02_05
11:15:56        0      2883    0.00    0.20    0.00    0.00    0.20    32  ptlrpcd_02_09
11:15:56        0      2884    0.00    0.20    0.00    0.00    0.20    35  ptlrpcd_02_10
11:15:56        0      2885    0.00    0.20    0.00    0.00    0.20    32  ptlrpcd_02_11
11:15:56        0      2886    0.00    0.20    0.00    0.00    0.20    46  ptlrpcd_03_00
11:15:56        0      2887    0.00    0.20    0.00    0.00    0.20    38  ptlrpcd_03_01
11:15:56        0      2889    0.00    0.20    0.00    0.00    0.20    43  ptlrpcd_03_03
11:15:56        0      2891    0.00    0.20    0.00    0.00    0.20    44  ptlrpcd_03_05
11:15:56        0      2892    0.00    0.20    0.00    0.00    0.20    41  ptlrpcd_03_06
11:15:56        0      2894    0.00    0.20    0.00    0.00    0.20    39  ptlrpcd_03_08
11:15:56        0      2895    0.00    0.20    0.00    0.00    0.20    38  ptlrpcd_03_09
11:15:56        0      2897    0.00    0.20    0.00    0.00    0.20    43  ptlrpcd_03_11
11:15:56        0      2918    0.00    0.20    0.00    0.00    0.20    42  ldlm_bl_01
11:15:56        0      2919    0.00    0.20    0.00    0.00    0.20    39  ldlm_bl_02
11:15:56        0     10757    0.00    0.20    0.00    0.00    0.20     4  ldlm_bl_04
11:15:56        0     12189    0.00    0.20    0.00    0.00    0.20    40  ldlm_bl_08
11:15:56        0     12193    0.00    0.20    0.00    0.00    0.20    34  ldlm_bl_12
11:15:56        0     12194    0.00    0.20    0.00    0.00    0.20    42  ldlm_bl_13
11:15:56        0     12198    0.00    0.20    0.00    0.00    0.20    45  ldlm_bl_17
11:15:56        0     12199    0.00    0.20    0.00    0.00    0.20     7  ldlm_bl_18
11:15:56        0     12203    0.00    0.20    0.00    0.00    0.20    10  ldlm_bl_22
11:15:56        0     12206    0.00    0.20    0.00    0.00    0.20    45  ldlm_bl_25
11:15:56        0     12207    0.00    0.20    0.00    0.00    0.20    31  ldlm_bl_26
11:15:56      901     62737    0.20    0.00    0.00    0.00    0.20    11  icinga2
11:15:56        0    158784    0.00    0.20    0.00    0.00    0.20    25  kworker/25:1-mm_percpu_wq
11:15:56        0    185940    0.20    0.00    0.00    0.00    0.20    32  kworker/u96:2-ipoib_wq
11:15:56    30910    192679    0.40    1.20    0.00    0.00    1.60     0  pidstat
11:15:56    30910    192682   20.20   13.20    0.00    0.00   33.40    25  python
11:15:56    30910    192685  216.40    8.00    0.00    0.00  224.40    20  java

11:15:51      UID       PID  minflt/s  majflt/s     VSZ     RSS   %MEM  Command
11:15:56        0      1461      7.20      0.00  728064   26496   0.08  node_exporter
11:15:56    30910    192682    169.20      0.00  247680   74624   0.23  python
11:15:56    30910    192685    275.00      0.00 15491584  466816   1.42  java

11:15:56      UID       PID    %usr %system  %guest   %wait    %CPU   CPU  Command
11:16:01        0      1488    0.20    0.00    0.00    0.00    0.20     1  NetworkManager
11:16:01      201      1772    0.20    0.00    0.00    0.00    0.20    41  telegraf
11:16:01        0      2835    0.00    0.20    0.00    0.00    0.20    16  kiblnd_sd_01_00
11:16:01        0      2836    0.00    0.20    0.00    0.00    0.20    23  kiblnd_sd_01_01
11:16:01        0      2837    0.00    0.20    0.00    0.00    0.20    21  kiblnd_sd_01_02
11:16:01        0      2838    0.00    0.20    0.00    0.00    0.20    22  kiblnd_sd_01_03
11:16:01        0      2860    0.00    0.20    0.00    0.00    0.20     0  ptlrpcd_00_10
11:16:01        0      2881    0.00    0.20    0.00    0.00    0.20    26  ptlrpcd_02_07
11:16:01        0      2888    0.00    0.20    0.00    0.00    0.20    46  ptlrpcd_03_02
11:16:01        0      2896    0.00    0.20    0.00    0.00    0.20    38  ptlrpcd_03_10
11:16:01        0     10760    0.00    0.20    0.00    0.00    0.20    43  ldlm_bl_05
11:16:01        0     12200    0.00    0.20    0.00    0.00    0.20    32  ldlm_bl_19
11:16:01        0     12204    0.00    0.20    0.00    0.00    0.20    21  ldlm_bl_23
11:16:01        0     12205    0.00    0.20    0.00    0.00    0.20    40  ldlm_bl_24
11:16:01      901     62737    0.00    0.20    0.00    0.00    0.20    11  icinga2
11:16:01    30910    192679    0.20    1.40    0.00    0.00    1.60     0  pidstat
11:16:01    30910    192682    3.80    1.40    0.00    0.00    5.20    37  python
11:16:01    30910    192685  359.00   20.20    0.00    0.00  379.20    20  java

11:15:56      UID       PID  minflt/s  majflt/s     VSZ     RSS   %MEM  Command
11:16:01        0      3319      0.40      0.00   18688    5760   0.02  crond
11:16:01      901     62834      4.40      0.00  848384   18048   0.05  icinga2
11:16:01    30910    192682      0.20      0.00  247680   74624   0.23  python
11:16:01    30910    192685    300.00      0.00 25561600  527744   1.60  java

11:16:01      UID       PID    %usr %system  %guest   %wait    %CPU   CPU  Command
11:16:06        0        11    0.00    0.20    0.00    0.00    0.20    17  rcu_sched
11:16:06        0      1488    0.00    0.20    0.00    0.00    0.20    10  NetworkManager
11:16:06      201      1772    0.20    0.00    0.00    0.00    0.20    41  telegraf
11:16:06        0      2835    0.00    0.20    0.00    0.00    0.20    18  kiblnd_sd_01_00
11:16:06        0      2865    0.00    0.20    0.00    0.00    0.20    23  ptlrpcd_01_03
11:16:06        0      2870    0.00    0.20    0.00    0.00    0.20    17  ptlrpcd_01_08
11:16:06      901     62737    0.20    0.00    0.00    0.00    0.20    11  icinga2
11:16:06        0    158794    0.20    0.00    0.00    0.00    0.20    26  kworker/26:2-mm_percpu_wq
11:16:06        0    179332    0.20    0.00    0.00    0.00    0.20    42  kworker/42:2-mm_percpu_wq
11:16:06        0    186031    0.00    0.20    0.00    0.00    0.20    19  slurmstepd
11:16:06    30910    192679    0.40    1.20    0.00    0.00    1.60     9  pidstat
11:16:06    30910    192682    0.40    0.00    0.00    0.00    0.40    37  python
11:16:06    30910    192685  639.32   14.77    0.00    0.00  654.09    20  java

11:16:01      UID       PID  minflt/s  majflt/s     VSZ     RSS   %MEM  Command
11:16:06    30910    192682      0.40      0.00  247680   74624   0.23  python
11:16:06    30910    192685    815.57      0.00 27597312  734784   2.23  java
11:16:06      901    193133     35.93      0.00   11520    3072   0.01  check_ntp_time

11:16:06      UID       PID    %usr %system  %guest   %wait    %CPU   CPU  Command
11:16:11        0       165    0.00    0.20    0.00    0.00    0.20    25  ksoftirqd/25
11:16:11        0      1461    2.20    1.00    0.00    0.00    3.20    34  node_exporter
11:16:11        0      1488    0.00    0.20    0.00    0.00    0.20     1  NetworkManager
11:16:11        0      2751    0.00    0.20    0.00    0.00    0.20    37  cvmfs2
11:16:11        0      2835    0.00    0.20    0.00    0.00    0.20    23  kiblnd_sd_01_00
11:16:11        0      2836    0.00    0.20    0.00    0.00    0.20    23  kiblnd_sd_01_01
11:16:11        0      2837    0.00    0.20    0.00    0.20    0.20    21  kiblnd_sd_01_02
11:16:11        0      2838    0.00    0.20    0.00    0.00    0.20    21  kiblnd_sd_01_03
11:16:11        0      2841    0.00    0.20    0.00    0.00    0.20    28  kiblnd_sd_02_02
11:16:11        0      2890    0.00    0.20    0.00    0.00    0.20    39  ptlrpcd_03_04
11:16:11        0      2892    0.00    0.20    0.00    0.00    0.20    47  ptlrpcd_03_06
11:16:11        0      2893    0.00    0.20    0.00    0.00    0.20    39  ptlrpcd_03_07
11:16:11        0     12197    0.00    0.20    0.00    0.00    0.20    31  ldlm_bl_16
11:16:11        0    124078    0.00    0.20    0.00    0.00    0.20    13  kworker/13:7-mm_percpu_wq
11:16:11    30910    192679    0.40    1.40    0.00    0.00    1.80    11  pidstat
11:16:11    30910    192685 2843.40   92.60    0.00    0.00 2936.00    20  java

11:16:06      UID       PID  minflt/s  majflt/s     VSZ     RSS   %MEM  Command
11:16:11        0      1461      6.20      0.00  728064   24768   0.08  node_exporter
11:16:11    30910    192685   3692.60      0.00 28770880 1630400   4.95  java

11:16:11      UID       PID    %usr %system  %guest   %wait    %CPU   CPU  Command
11:16:16        0        11    0.00    0.20    0.00    0.00    0.20     0  rcu_sched
11:16:16        0      1488    0.20    0.20    0.00    0.00    0.40     1  NetworkManager
11:16:16      201      1772    0.20    0.00    0.00    0.00    0.20    41  telegraf
11:16:16      901      1802    0.00    0.20    0.00    0.00    0.20    37  icinga2
11:16:16        0      2833    0.00    0.20    0.00    0.00    0.20     8  kiblnd_sd_00_02
11:16:16        0    176160    0.20    0.00    0.00    0.00    0.20    47  kworker/47:0-mm_percpu_wq
11:16:16        0    179320    0.20    0.00    0.00    0.00    0.20     4  kworker/4:1-mm_percpu_wq
11:16:16        0    185859    0.20    0.00    0.00    0.00    0.20    40  kworker/40:0-events
11:16:16        0    185940    0.20    0.00    0.00    0.00    0.20    27  kworker/u96:2-ipoib_wq
11:16:16    30910    192679    0.40    1.20    0.00    0.00    1.60     0  pidstat
11:16:16    30910    192682    1.20    0.00    0.00    0.00    1.20    38  python
11:16:16    30910    192685 1999.20   79.80    0.00    0.00 2079.00    20  java

11:16:11      UID       PID  minflt/s  majflt/s     VSZ     RSS   %MEM  Command
11:16:16    30910    192682      1.20      0.00  247680   74624   0.23  python
11:16:16    30910    192685    466.20      0.00 28824128 1720384   5.23  java

11:16:16      UID       PID    %usr %system  %guest   %wait    %CPU   CPU  Command
11:16:21        0         1    0.20    0.00    0.00    0.00    0.20    45  systemd
11:16:21        0        10    0.00    0.20    0.00    0.00    0.20     0  ksoftirqd/0
11:16:21        0      1442    0.20    0.20    0.00    0.00    0.40    43  cgroups_exporte
11:16:21        0      1488    0.00    0.20    0.00    0.00    0.20     1  NetworkManager
11:16:21        0     17571    0.00    0.20    0.00    0.00    0.20    32  kworker/32:2-events
11:16:21      901     62737    0.20    0.00    0.00    0.00    0.20    10  icinga2
11:16:21        0    116857    0.20    0.00    0.00    0.00    0.20     6  kworker/6:0-mm_percpu_wq
11:16:21        0    135566    0.00    0.20    0.00    0.00    0.20    36  kworker/36:3-events
11:16:21        0    164456    0.00    0.20    0.00    0.00    0.20    38  kworker/38:3-events
11:16:21    30910    192679    0.40    1.20    0.00    0.00    1.60     0  pidstat
11:16:21    30910    192682    1.40    0.40    0.00    0.00    1.80    38  python
11:16:21    30910    192685 1486.20  106.80    0.00    0.00 1593.00    20  java

11:16:16      UID       PID  minflt/s  majflt/s     VSZ     RSS   %MEM  Command
11:16:21        0      1442      0.40      0.00 2424960    9536   0.03  cgroups_exporte
11:16:21      901     62834      4.40      0.00  848384   18048   0.05  icinga2
11:16:21    30910    192685   1186.20      0.00 28893760 1673088   5.08  java

11:16:21      UID       PID    %usr %system  %guest   %wait    %CPU   CPU  Command
11:16:26        0        11    0.00    0.20    0.00    0.00    0.20    44  rcu_sched
11:16:26        0       810    0.00    0.20    0.00    0.00    0.20    45  jbd2/nvme0n1p4-
11:16:26        0      1461    4.40    0.60    0.00    0.00    5.00    34  node_exporter
11:16:26        0      1488    0.00    0.20    0.00    0.00    0.20     2  NetworkManager
11:16:26      201      1772    0.20    0.00    0.00    0.00    0.20    41  telegraf
11:16:26      901     62737    0.00    0.20    0.00    0.00    0.20    11  icinga2
11:16:26        0    174444    0.00    0.20    0.00    0.00    0.20     0  kworker/0:1-events
11:16:26        0    177577    0.20    0.00    0.00    0.00    0.20    44  kworker/44:2-events
11:16:26        0    185858    0.20    0.00    0.00    0.00    0.20    39  kworker/39:1-events
11:16:26        0    185870    0.20    0.00    0.00    0.00    0.20    17  kworker/17:0-events
11:16:26    30910    192679    0.40    1.20    0.00    0.00    1.60     0  pidstat
11:16:26    30910    192682    2.40    1.00    0.00    0.00    3.40    41  python
11:16:26    30910    192685 1198.00  156.60    0.00    0.00 1354.60    20  java

11:16:21      UID       PID  minflt/s  majflt/s     VSZ     RSS   %MEM  Command
11:16:26        0      1461     12.60      0.00  728064   25792   0.08  node_exporter
11:16:26    30910    192685   2684.80      0.00 28920384 1600192   4.86  java
