Linux 4.18.0-348.23.1.el8_5.aarch64 (cna0146.deucalion.macc.fccn.pt) 	16/03/26 	_aarch64_	(48 CPU)

11:25:45      UID       PID    %usr %system  %guest   %wait    %CPU   CPU  Command
11:25:50        0       213    0.20    0.00    0.00    0.00    0.20    33  ksoftirqd/33
11:25:50        0      1424    4.72    1.77    0.00    0.00    6.50     6  node_exporter
11:25:50        0      1450    0.20    0.00    0.00    0.00    0.20     2  NetworkManager
11:25:50        0      2652    0.00    0.20    0.00    0.00    0.20     1  kiblnd_sd_00_00
11:25:50        0      2653    0.00    0.20    0.00    0.00    0.20     5  kiblnd_sd_00_01
11:25:50        0      2654    0.00    0.20    0.00    0.00    0.20     4  kiblnd_sd_00_02
11:25:50        0      2656    0.00    3.74    0.00    0.00    3.74    17  kiblnd_sd_01_00
11:25:50        0      2657    0.00    3.74    0.00    0.00    3.74    22  kiblnd_sd_01_01
11:25:50        0      2658    0.00    3.74    0.00    0.00    3.74    21  kiblnd_sd_01_02
11:25:50        0      2659    0.00    3.74    0.00    0.00    3.74    20  kiblnd_sd_01_03
11:25:50        0      2660    0.00    0.20    0.00    0.00    0.20    35  kiblnd_sd_02_00
11:25:50        0      2661    0.00    0.20    0.00    0.00    0.20    34  kiblnd_sd_02_01
11:25:50        0      2662    0.00    0.20    0.00    0.00    0.20    35  kiblnd_sd_02_02
11:25:50        0      2663    0.00    0.20    0.00    0.00    0.20    34  kiblnd_sd_02_03
11:25:50        0      2671    0.00    0.20    0.00    0.00    0.20     6  ptlrpcd_00_00
11:25:50        0      2672    0.00    0.20    0.00    0.00    0.20     1  ptlrpcd_00_01
11:25:50        0      2673    0.00    0.20    0.00    0.00    0.20     1  ptlrpcd_00_02
11:25:50        0      2674    0.00    0.20    0.00    0.00    0.20    11  ptlrpcd_00_03
11:25:50        0      2675    0.00    0.20    0.00    0.00    0.20     1  ptlrpcd_00_04
11:25:50        0      2676    0.00    0.20    0.00    0.00    0.20     3  ptlrpcd_00_05
11:25:50        0      2677    0.00    0.20    0.00    0.00    0.20     1  ptlrpcd_00_06
11:25:50        0      2678    0.00    0.20    0.00    0.00    0.20     6  ptlrpcd_00_07
11:25:50        0      2679    0.00    0.20    0.00    0.00    0.20    10  ptlrpcd_00_08
11:25:50        0      2680    0.00    0.20    0.00    0.00    0.20     3  ptlrpcd_00_09
11:25:50        0      2681    0.00    0.20    0.00    0.00    0.20     9  ptlrpcd_00_10
11:25:50        0      2682    0.00    0.20    0.00    0.00    0.20     1  ptlrpcd_00_11
11:25:50        0      2695    0.00    0.20    0.00    0.00    0.20    33  ptlrpcd_02_00
11:25:50        0      2696    0.00    0.20    0.00    0.00    0.20    30  ptlrpcd_02_01
11:25:50        0      2697    0.00    0.20    0.00    0.00    0.20    30  ptlrpcd_02_02
11:25:50        0      2698    0.00    0.20    0.00    0.00    0.20    33  ptlrpcd_02_03
11:25:50        0      2699    0.00    0.39    0.00    0.00    0.39    24  ptlrpcd_02_04
11:25:50        0      2700    0.00    0.20    0.00    0.00    0.20    25  ptlrpcd_02_05
11:25:50        0      2701    0.00    0.39    0.00    0.00    0.39    27  ptlrpcd_02_06
11:25:50        0      2702    0.00    0.20    0.00    0.00    0.20    30  ptlrpcd_02_07
11:25:50        0      2703    0.00    0.20    0.00    0.00    0.20    33  ptlrpcd_02_08
11:25:50        0      2704    0.00    0.20    0.00    0.00    0.20    30  ptlrpcd_02_09
11:25:50        0      2705    0.00    0.39    0.00    0.00    0.39    30  ptlrpcd_02_10
11:25:50        0      2706    0.00    0.39    0.00    0.00    0.39    24  ptlrpcd_02_11
11:25:50        0      2707    0.00    0.20    0.00    0.00    0.20    41  ptlrpcd_03_00
11:25:50        0      2708    0.00    0.20    0.00    0.00    0.20    43  ptlrpcd_03_01
11:25:50        0      2709    0.00    0.20    0.00    0.00    0.20    47  ptlrpcd_03_02
11:25:50        0      2710    0.00    0.20    0.00    0.00    0.20    43  ptlrpcd_03_03
11:25:50        0      2711    0.00    0.20    0.00    0.00    0.20    46  ptlrpcd_03_04
11:25:50        0      2712    0.00    0.20    0.00    0.00    0.20    43  ptlrpcd_03_05
11:25:50        0      2713    0.00    0.20    0.00    0.00    0.20    45  ptlrpcd_03_06
11:25:50        0      2714    0.00    0.20    0.00    0.00    0.20    40  ptlrpcd_03_07
11:25:50        0      2715    0.00    0.20    0.00    0.00    0.20    43  ptlrpcd_03_08
11:25:50        0      2716    0.00    0.20    0.00    0.00    0.20    41  ptlrpcd_03_09
11:25:50        0      2717    0.00    0.20    0.00    0.00    0.20    42  ptlrpcd_03_10
11:25:50        0      2718    0.00    0.20    0.00    0.00    0.20    39  ptlrpcd_03_11
11:25:50        0      2739    0.00    0.20    0.00    0.00    0.20     5  ldlm_bl_01
11:25:50        0      2740    0.00    0.20    0.00    0.00    0.20    27  ldlm_bl_02
11:25:50        0      4018    0.00    0.20    0.00    0.00    0.20     2  ldlm_bl_03
11:25:50        0     10845    0.00    0.20    0.00    0.00    0.20    45  ldlm_bl_04
11:25:50        0     10846    0.00    0.20    0.00    0.00    0.20    29  ldlm_bl_05
11:25:50        0     10847    0.00    0.20    0.00    0.00    0.20     7  ldlm_bl_06
11:25:50        0     10848    0.00    0.20    0.00    0.00    0.20    22  ldlm_bl_07
11:25:50        0     10849    0.00    0.20    0.00    0.00    0.20     8  ldlm_bl_08
11:25:50        0     10850    0.00    0.20    0.00    0.00    0.20    27  ldlm_bl_09
11:25:50        0     10851    0.00    0.20    0.00    0.00    0.20    34  ldlm_bl_10
11:25:50        0     12870    0.00    0.20    0.00    0.00    0.20    39  ldlm_bl_11
11:25:50        0     12871    0.00    0.20    0.00    0.00    0.20    38  ldlm_bl_12
11:25:50        0     12872    0.00    0.20    0.00    0.00    0.20    29  ldlm_bl_13
11:25:50        0     12873    0.00    0.20    0.00    0.00    0.20    25  ldlm_bl_14
11:25:50        0     12874    0.00    0.20    0.00    0.00    0.20    39  ldlm_bl_15
11:25:50        0     12875    0.00    0.20    0.00    0.00    0.20    11  ldlm_bl_16
11:25:50        0     12877    0.00    0.20    0.00    0.00    0.20    33  ldlm_bl_18
11:25:50        0     12878    0.00    0.20    0.00    0.00    0.20     9  ldlm_bl_19
11:25:50        0     12879    0.00    0.20    0.00    0.00    0.20     2  ldlm_bl_20
11:25:50        0     12880    0.00    0.20    0.00    0.00    0.20    44  ldlm_bl_21
11:25:50        0     12881    0.00    0.20    0.00    0.00    0.20    11  ldlm_bl_22
11:25:50        0     12882    0.00    0.20    0.00    0.00    0.20    27  ldlm_bl_23
11:25:50        0     12883    0.00    0.20    0.00    0.00    0.20     5  ldlm_bl_24
11:25:50        0     12884    0.00    0.20    0.00    0.00    0.20    40  ldlm_bl_25
11:25:50        0     12885    0.00    0.20    0.00    0.00    0.20    40  ldlm_bl_26
11:25:50        0     12886    0.00    0.20    0.00    0.00    0.20    27  ldlm_bl_27
11:25:50        0     12887    0.00    0.20    0.00    0.00    0.20    41  ldlm_bl_28
11:25:50    30910    119089    0.00    1.57    0.00    0.00    1.57    29  pidstat
11:25:50    30910    119091    9.06    3.74    0.00    0.00   12.80    33  python
11:25:50    30910    119095  117.32   18.11    0.00    0.00  135.43    30  java

11:25:45      UID       PID  minflt/s  majflt/s     VSZ     RSS   %MEM  Command
11:25:50        0      1424      8.86      0.00  728064   31616   0.10  node_exporter
11:25:50    30910    119089     40.55      0.00   23232   17792   0.05  pidstat
11:25:50    30910    119091    101.97      0.00   49728   37504   0.11  python
11:25:50    30910    119095    663.58      0.00 4981120  140672   0.43  java

11:25:50      UID       PID    %usr %system  %guest   %wait    %CPU   CPU  Command
11:25:55        0        11    0.00    0.20    0.00    0.00    0.20     2  rcu_sched
11:25:55        0      1441    0.40    0.00    0.00    0.00    0.40     6  cgroups_exporte
11:25:55        0      2655    0.00    0.20    0.00    0.00    0.20     8  kiblnd_sd_00_03
11:25:55        0      2657    0.00    0.20    0.00    0.00    0.20    22  kiblnd_sd_01_01
11:25:55        0      2658    0.00    0.20    0.00    0.00    0.20    21  kiblnd_sd_01_02
11:25:55        0      2659    0.00    0.20    0.00    0.00    0.20    20  kiblnd_sd_01_03
11:25:55        0      2661    0.00    0.20    0.00    0.00    0.20    33  kiblnd_sd_02_01
11:25:55        0      2713    0.00    0.20    0.00    0.00    0.20    45  ptlrpcd_03_06
11:25:55    30910    119089    0.60    1.00    0.00    0.00    1.60    29  pidstat
11:25:55    30910    119091    0.40    0.80    0.00    0.00    1.20    33  python
11:25:55    30910    119095  257.60   11.60    0.00    0.00  269.20    30  java

11:25:50      UID       PID  minflt/s  majflt/s     VSZ     RSS   %MEM  Command
11:25:55        0      1441      2.20      0.00 2424448    9536   0.03  cgroups_exporte
11:25:55        0    116624      0.20      0.00  374144   15552   0.05  slurmstepd
11:25:55    30910    119089      2.80      0.00   23232   22016   0.07  pidstat
11:25:55    30910    119091     41.80      0.00  124608   38080   0.12  python
11:25:55    30910    119095    660.80      0.00 12442624  272896   0.83  java

11:25:55      UID       PID    %usr %system  %guest   %wait    %CPU   CPU  Command
11:26:00        0      1450    0.20    0.20    0.00    0.00    0.40     2  NetworkManager
11:26:00      201      1723    0.20    0.00    0.00    0.00    0.20    29  telegraf
11:26:00        0     12878    0.00    0.20    0.00    0.00    0.20     9  ldlm_bl_19
11:26:00        0     55152    0.00    0.20    0.00    0.00    0.20     7  kworker/7:0-events
11:26:00        0    115221    0.00    0.20    0.00    0.00    0.20     5  kworker/u96:0-ipoib_wq
11:26:00    30910    119089    0.60    1.20    0.00    0.00    1.80    29  pidstat
11:26:00    30910    119091    0.20    0.20    0.00    0.00    0.40     2  python
11:26:00    30910    119095  235.40    6.60    0.00    0.00  242.00    30  java

11:25:55      UID       PID  minflt/s  majflt/s     VSZ     RSS   %MEM  Command
11:26:00    30910    119091      6.00      0.00  199104   38784   0.12  python
11:26:00    30910    119095    225.20      0.00 13426816  336448   1.02  java

11:26:00      UID       PID    %usr %system  %guest   %wait    %CPU   CPU  Command
11:26:05        0        11    0.00    0.20    0.00    0.00    0.20    33  rcu_sched
11:26:05        0      1424    5.40    0.60    0.00    0.00    6.00     6  node_exporter
11:26:05      901      1742    0.00    0.20    0.00    0.00    0.20     7  icinga2
11:26:05      901     70391    0.20    0.00    0.00    0.00    0.20    23  icinga2
11:26:05        0    115120    0.20    0.00    0.00    0.00    0.20     0  kworker/0:2-events
11:26:05        0    115178    0.20    0.00    0.00    0.00    0.20    11  kworker/u97:1-rpciod
11:26:05    30910    119089    1.00    0.60    0.00    0.00    1.60    29  pidstat
11:26:05    30910    119095  211.20    7.60    0.00    0.00  218.80    30  java

11:26:00      UID       PID  minflt/s  majflt/s     VSZ     RSS   %MEM  Command
11:26:05        0      1424      8.40      0.00  728064   30656   0.09  node_exporter
11:26:05        0      3138      0.40      0.00   18688    4800   0.01  crond
11:26:05    30910    119091      0.80      0.00  199104   38784   0.12  python
11:26:05    30910    119095    709.60      0.00 13717632  539776   1.64  java

11:26:05      UID       PID    %usr %system  %guest   %wait    %CPU   CPU  Command
11:26:10        0        11    0.00    0.20    0.00    0.00    0.20    35  rcu_sched
11:26:10       32      1072    0.20    0.00    0.00    0.00    0.20    44  rpcbind
11:26:10        0      1450    0.20    0.20    0.00    0.00    0.40     0  NetworkManager
11:26:10      201      1723    0.20    0.00    0.00    0.00    0.20    29  telegraf
11:26:10        0      2653    0.00    0.20    0.00    0.00    0.20     7  kiblnd_sd_00_01
11:26:10        0      2656    0.00    1.40    0.00    0.00    1.40    17  kiblnd_sd_01_00
11:26:10        0      2657    0.00    1.20    0.00    0.00    1.20    20  kiblnd_sd_01_01
11:26:10        0      2658    0.00    1.20    0.00    0.00    1.20    21  kiblnd_sd_01_02
11:26:10        0      2659    0.00    1.20    0.00    0.00    1.20    22  kiblnd_sd_01_03
11:26:10        0      2660    0.00    0.60    0.00    0.00    0.60    31  kiblnd_sd_02_00
11:26:10        0      2661    0.00    0.20    0.00    0.00    0.20    30  kiblnd_sd_02_01
11:26:10        0      2662    0.00    0.40    0.00    0.00    0.40    34  kiblnd_sd_02_02
11:26:10        0      2663    0.00    0.40    0.00    0.00    0.40    32  kiblnd_sd_02_03
11:26:10        0      2671    0.00    0.20    0.00    0.00    0.20    10  ptlrpcd_00_00
11:26:10        0      2674    0.00    0.20    0.00    0.00    0.20     9  ptlrpcd_00_03
11:26:10        0      2675    0.00    0.20    0.00    0.00    0.20     3  ptlrpcd_00_04
11:26:10        0      2676    0.00    0.20    0.00    0.00    0.20    10  ptlrpcd_00_05
11:26:10        0      2677    0.00    0.20    0.00    0.00    0.20    10  ptlrpcd_00_06
11:26:10        0      2680    0.00    0.20    0.00    0.00    0.20     9  ptlrpcd_00_09
11:26:10        0      2681    0.00    0.20    0.00    0.00    0.20    10  ptlrpcd_00_10
11:26:10        0      2682    0.00    0.20    0.00    0.00    0.20     0  ptlrpcd_00_11
11:26:10        0      2686    0.00    0.20    0.00    0.00    0.20    15  ptlrpcd_01_03
11:26:10        0      2688    0.00    0.20    0.00    0.00    0.20    16  ptlrpcd_01_05
11:26:10        0      2695    0.00    0.20    0.00    0.00    0.20    34  ptlrpcd_02_00
11:26:10        0      2696    0.00    0.20    0.00    0.00    0.20    33  ptlrpcd_02_01
11:26:10        0      2697    0.00    0.20    0.00    0.00    0.20    32  ptlrpcd_02_02
11:26:10        0      2698    0.00    0.20    0.00    0.00    0.20    31  ptlrpcd_02_03
11:26:10        0      2700    0.00    0.20    0.00    0.00    0.20    25  ptlrpcd_02_05
11:26:10        0      2701    0.00    0.20    0.00    0.00    0.20    29  ptlrpcd_02_06
11:26:10        0      2702    0.00    0.20    0.00    0.00    0.20    35  ptlrpcd_02_07
11:26:10        0      2703    0.00    0.20    0.00    0.00    0.20    29  ptlrpcd_02_08
11:26:10        0      2704    0.00    0.20    0.00    0.00    0.20    30  ptlrpcd_02_09
11:26:10        0      2707    0.00    0.20    0.00    0.00    0.20    42  ptlrpcd_03_00
11:26:10        0      2708    0.00    0.20    0.00    0.00    0.20    43  ptlrpcd_03_01
11:26:10        0      2709    0.00    0.20    0.00    0.00    0.20    47  ptlrpcd_03_02
11:26:10        0      2710    0.00    0.20    0.00    0.00    0.20    43  ptlrpcd_03_03
11:26:10        0      2712    0.00    0.20    0.00    0.00    0.20    43  ptlrpcd_03_05
11:26:10        0      2715    0.00    0.20    0.00    0.00    0.20    43  ptlrpcd_03_08
11:26:10        0      2717    0.00    0.20    0.00    0.00    0.20    42  ptlrpcd_03_10
11:26:10        0      2740    0.00    0.20    0.00    0.00    0.20    28  ldlm_bl_02
11:26:10        0     10845    0.00    0.20    0.00    0.00    0.20    45  ldlm_bl_04
11:26:10        0     10846    0.00    0.20    0.00    0.00    0.20    32  ldlm_bl_05
11:26:10        0     10847    0.00    0.20    0.00    0.00    0.20     7  ldlm_bl_06
11:26:10        0     10848    0.00    0.20    0.00    0.00    0.20    22  ldlm_bl_07
11:26:10        0     12870    0.00    0.20    0.00    0.00    0.20    39  ldlm_bl_11
11:26:10        0     12871    0.00    0.20    0.00    0.00    0.20    38  ldlm_bl_12
11:26:10        0     12874    0.00    0.20    0.00    0.00    0.20    39  ldlm_bl_15
11:26:10        0     12876    0.00    0.20    0.00    0.00    0.20    28  ldlm_bl_17
11:26:10        0     12880    0.00    0.20    0.00    0.00    0.20    44  ldlm_bl_21
11:26:10        0     12881    0.00    0.20    0.00    0.00    0.20    11  ldlm_bl_22
11:26:10        0     12883    0.00    0.20    0.00    0.00    0.20     7  ldlm_bl_24
11:26:10        0     12884    0.00    0.20    0.00    0.00    0.20    40  ldlm_bl_25
11:26:10        0     12887    0.00    0.20    0.00    0.00    0.20    41  ldlm_bl_28
11:26:10      901     70391    0.00    0.20    0.00    0.00    0.20    23  icinga2
11:26:10        0    116624    0.00    0.20    0.00    0.00    0.20    31  slurmstepd
11:26:10    30910    119089    1.00    0.60    0.00    0.00    1.60    29  pidstat
11:26:10    30910    119091   22.80   11.20    0.00    0.00   34.00     6  python
11:26:10    30910    119095  202.80    7.40    0.00    0.00  210.20    30  java

11:26:05      UID       PID  minflt/s  majflt/s     VSZ     RSS   %MEM  Command
11:26:10        0      1441      2.00      0.00 2424448    9536   0.03  cgroups_exporte
11:26:10    30910    119091    168.20      0.00  239360   74368   0.23  python
11:26:10    30910    119095    200.00      0.00 14139904  589952   1.79  java

11:26:10      UID       PID    %usr %system  %guest   %wait    %CPU   CPU  Command
11:26:15        0      2656    0.00    0.20    0.00    0.00    0.20    17  kiblnd_sd_01_00
11:26:15        0      2657    0.00    0.20    0.00    0.00    0.20    21  kiblnd_sd_01_01
11:26:15        0      2658    0.00    0.20    0.00    0.00    0.20    20  kiblnd_sd_01_02
11:26:15        0      2659    0.00    0.20    0.00    0.00    0.20    22  kiblnd_sd_01_03
11:26:15        0      2673    0.00    0.20    0.00    0.00    0.20     9  ptlrpcd_00_02
11:26:15        0      2678    0.00    0.20    0.00    0.00    0.20     1  ptlrpcd_00_07
11:26:15        0      2693    0.00    0.20    0.00    0.00    0.20    13  ptlrpcd_01_10
11:26:15        0      2711    0.00    0.20    0.00    0.00    0.20    46  ptlrpcd_03_04
11:26:15        0      2714    0.00    0.20    0.00    0.00    0.20    42  ptlrpcd_03_07
11:26:15        0     12872    0.00    0.20    0.00    0.00    0.20    30  ldlm_bl_13
11:26:15        0     12877    0.00    0.20    0.00    0.00    0.20    24  ldlm_bl_18
11:26:15        0     55153    0.20    0.00    0.00    0.00    0.20     6  kworker/6:1-mm_percpu_wq
11:26:15        0    115221    0.00    0.20    0.00    0.00    0.20    34  kworker/u96:0-ipoib_wq
11:26:15        0    116617    0.20    0.20    0.00    0.00    0.40    35  slurmstepd
11:26:15    30910    119089    0.40    1.20    0.00    0.00    1.60    29  pidstat
11:26:15    30910    119091    4.20    1.00    0.00    0.00    5.20     5  python
11:26:15    30910    119095  397.80   15.80    0.00    0.00  413.60    30  java

11:26:10      UID       PID  minflt/s  majflt/s     VSZ     RSS   %MEM  Command
11:26:15    30910    119091      0.40      0.00  239360   74368   0.23  python
11:26:15    30910    119095    407.20      0.00 23534080  674560   2.05  java

11:26:15      UID       PID    %usr %system  %guest   %wait    %CPU   CPU  Command
11:26:20        0        11    0.00    0.20    0.00    0.00    0.20     3  rcu_sched
11:26:20        0      1424    5.40    0.20    0.00    0.00    5.60     6  node_exporter
11:26:20        0      1450    0.40    0.20    0.00    0.00    0.60     8  NetworkManager
11:26:20        0      1577    0.20    0.00    0.00    0.00    0.20     2  sssd_be
11:26:20      201      1723    0.20    0.00    0.00    0.00    0.20    29  telegraf
11:26:20        0      2652    0.00    0.20    0.00    0.00    0.20    11  kiblnd_sd_00_00
11:26:20        0      2656    0.00    0.20    0.00    0.00    0.20    23  kiblnd_sd_01_00
11:26:20        0      2657    0.00    0.20    0.00    0.00    0.20    22  kiblnd_sd_01_01
11:26:20        0      2658    0.00    0.20    0.00    0.00    0.20    13  kiblnd_sd_01_02
11:26:20        0      2659    0.00    0.20    0.00    0.00    0.20    14  kiblnd_sd_01_03
11:26:20        0      2661    0.00    0.20    0.00    0.00    0.20    25  kiblnd_sd_02_01
11:26:20        0      2662    0.00    0.20    0.00    0.00    0.20    31  kiblnd_sd_02_02
11:26:20        0      2663    0.00    0.20    0.00    0.00    0.20    35  kiblnd_sd_02_03
11:26:20        0      2679    0.00    0.20    0.00    0.00    0.20     7  ptlrpcd_00_08
11:26:20        0      2706    0.00    0.20    0.00    0.00    0.20    33  ptlrpcd_02_11
11:26:20        0     12885    0.00    0.20    0.00    0.00    0.20    42  ldlm_bl_26
11:26:20      901     70391    0.20    0.00    0.00    0.00    0.20    23  icinga2
11:26:20    30910    119089    0.80    0.80    0.00    0.00    1.60    29  pidstat
11:26:20    30910    119091    0.60    0.00    0.00    0.00    0.60     5  python
11:26:20    30910    119095  659.00   19.00    0.00    0.00  678.00    30  java
11:26:20    30910    119603   36.00    4.40    0.00    0.00   40.40     1  python

11:26:15      UID       PID  minflt/s  majflt/s     VSZ     RSS   %MEM  Command
11:26:20        0      1424      8.40      0.00  728064   30464   0.09  node_exporter
11:26:20        0      1577      0.00      0.00   92032   29760   0.09  sssd_be
11:26:20    30910    119091      0.60      0.00  239360   74368   0.23  python
11:26:20    30910    119095    564.00      0.00 28711424  813696   2.47  java
11:26:20    30910    119603    155.00      0.00   48000   44224   0.13  python

11:26:20      UID       PID    %usr %system  %guest   %wait    %CPU   CPU  Command
11:26:25        0      1441    0.00    0.20    0.00    0.00    0.20     6  cgroups_exporte
11:26:25        0      1450    0.00    0.20    0.00    0.00    0.20     4  NetworkManager
11:26:25        0      2652    0.00    0.80    0.00    0.40    0.80    10  kiblnd_sd_00_00
11:26:25        0      2653    0.00    1.00    0.00    0.20    1.00     8  kiblnd_sd_00_01
11:26:25        0      2654    0.00    1.00    0.00    0.40    1.00     7  kiblnd_sd_00_02
11:26:25        0      2655    0.00    1.00    0.00    0.20    1.00     8  kiblnd_sd_00_03
11:26:25        0      2656    0.00    0.80    0.00    0.20    0.80    23  kiblnd_sd_01_00
11:26:25        0      2657    0.00    0.80    0.00    0.20    0.80    21  kiblnd_sd_01_01
11:26:25        0      2658    0.00    0.80    0.00    0.00    0.80    13  kiblnd_sd_01_02
11:26:25        0      2659    0.00    0.80    0.00    0.20    0.80    20  kiblnd_sd_01_03
11:26:25        0      2660    0.00    0.20    0.00    0.00    0.20    35  kiblnd_sd_02_00
11:26:25        0      2661    0.00    0.20    0.00    0.00    0.20    24  kiblnd_sd_02_01
11:26:25        0      2662    0.00    0.20    0.00    0.00    0.20    35  kiblnd_sd_02_02
11:26:25        0      2663    0.00    0.20    0.00    0.00    0.20    24  kiblnd_sd_02_03
11:26:25        0      2672    0.00    0.20    0.00    0.00    0.20     8  ptlrpcd_00_01
11:26:25        0      2676    0.00    0.20    0.00    0.00    0.20     7  ptlrpcd_00_05
11:26:25        0      2681    0.00    0.20    0.00    0.00    0.20     5  ptlrpcd_00_10
11:26:25        0      2683    0.00    0.20    0.00    0.20    0.20    23  ptlrpcd_01_00
11:26:25        0      2691    0.00    0.20    0.00    0.00    0.20    18  ptlrpcd_01_08
11:26:25        0      2694    0.00    0.20    0.00    0.00    0.20    23  ptlrpcd_01_11
11:26:25        0      2698    0.00    0.20    0.00    0.20    0.20    31  ptlrpcd_02_03
11:26:25        0      2699    0.00    0.20    0.00    0.00    0.20    35  ptlrpcd_02_04
11:26:25        0      2702    0.00    0.20    0.00    0.00    0.20    32  ptlrpcd_02_07
11:26:25        0      2704    0.00    0.20    0.00    0.00    0.20    24  ptlrpcd_02_09
11:26:25        0      2705    0.00    0.20    0.00    0.00    0.20    34  ptlrpcd_02_10
11:26:25        0      2713    0.00    0.20    0.00    0.00    0.20    42  ptlrpcd_03_06
11:26:25        0      2716    0.00    0.20    0.00    0.00    0.20    43  ptlrpcd_03_09
11:26:25        0      2718    0.00    0.20    0.00    0.00    0.20    41  ptlrpcd_03_11
11:26:25        0      2739    0.00    0.20    0.00    0.00    0.20    42  ldlm_bl_01
11:26:25        0      4018    0.00    0.20    0.00    0.00    0.20    42  ldlm_bl_03
11:26:25        0     10849    0.00    0.20    0.00    0.00    0.20     7  ldlm_bl_08
11:26:25        0     10850    0.00    0.20    0.00    0.00    0.20    18  ldlm_bl_09
11:26:25        0     10851    0.00    0.20    0.00    0.00    0.20    42  ldlm_bl_10
11:26:25        0     12873    0.00    0.20    0.00    0.00    0.20    42  ldlm_bl_14
11:26:25        0     12875    0.00    0.20    0.00    0.00    0.20    42  ldlm_bl_16
11:26:25        0     12878    0.00    0.20    0.00    0.00    0.20     0  ldlm_bl_19
11:26:25        0     12879    0.00    0.20    0.00    0.00    0.20    34  ldlm_bl_20
11:26:25        0     12882    0.00    0.20    0.00    0.00    0.20    40  ldlm_bl_23
11:26:25        0     12883    0.00    0.20    0.00    0.00    0.20     5  ldlm_bl_24
11:26:25        0     12884    0.00    0.20    0.00    0.00    0.20     5  ldlm_bl_25
11:26:25        0     12886    0.00    0.20    0.00    0.00    0.20     8  ldlm_bl_27
11:26:25        0     12887    0.00    0.20    0.00    0.00    0.20     5  ldlm_bl_28
11:26:25    30910    119089    0.40    1.20    0.00    0.00    1.60    29  pidstat
11:26:25    30910    119091    0.20    0.00    0.00    0.00    0.20     5  python
11:26:25    30910    119095 1359.80   50.80    0.00    0.00 1410.60    30  java
11:26:25    30910    119603   24.00    1.60    0.00    0.00   25.60    26  python
11:26:25    30910    119606   12.00    0.60    0.00    0.00   12.60    18  python
11:26:25    30910    119607   13.00    0.00    0.00    1.00   13.00    32  python
11:26:25    30910    119610   11.80    0.60    0.00    0.40   12.40    36  python
11:26:25    30910    119612   12.40    0.40    0.00    0.00   12.80    46  python
11:26:25    30910    119614   11.80    0.80    0.00    0.20   12.60    15  python
11:26:25    30910    119616   11.80    1.00    0.00    0.20   12.80    29  python
11:26:25    30910    119618   11.80    1.00    0.00    0.00   12.80    44  python
11:26:25    30910    119620   11.60    0.60    0.00    0.00   12.20     8  python
11:26:25    30910    119622   12.00    0.40    0.00    0.00   12.40     6  python
11:26:25    30910    119624   11.40    1.40    0.00    0.60   12.80    24  python
11:26:25    30910    119626   11.60    1.00    0.00    0.20   12.60     4  python
11:26:25    30910    119628   12.40    0.20    0.00    0.40   12.60    25  python
11:26:25    30910    119630   11.60    1.00    0.00    0.40   12.60    21  python
11:26:25    30910    119632   11.80    0.40    0.00    0.00   12.20    40  python
11:26:25    30910    119634   12.00    0.80    0.00    0.40   12.80     6  python
11:26:25    30910    119636   12.40    0.40    0.00    0.00   12.80    47  python
11:26:25    30910    119638   12.40    0.20    0.00    0.00   12.60    12  python
11:26:25    30910    119640   11.40    0.80    0.00    0.00   12.20    27  python
11:26:25    30910    119642   12.20    0.40    0.00    0.00   12.60    34  python
11:26:25    30910    119644   11.40    1.20    0.00    0.00   12.60    42  python
11:26:25    30910    119646   12.40    0.40    0.00    0.60   12.80     9  python
11:26:25    30910    119648   12.00    0.20    0.00    0.00   12.20    13  python
11:26:25    30910    119650   11.80    0.80    0.00    0.20   12.60     8  python
11:26:25    30910    119652   12.20    0.60    0.00    0.40   12.80    22  python
11:26:25    30910    119654   12.20    0.80    0.00    0.40   13.00     8  python
11:26:25    30910    119656   12.00    0.80    0.00    0.60   12.80    14  python
11:26:25    30910    119658   12.20    0.60    0.00    0.20   12.80    12  python
11:26:25    30910    119660   12.20    0.40    0.00    0.00   12.60    37  python
11:26:25    30910    119662   12.00    0.60    0.00    0.40   12.60     0  python
11:26:25    30910    119664   12.20    0.80    0.00    0.40   13.00    17  python
11:26:25    30910    119666   12.40    0.80    0.00    0.40   13.20    32  python
11:26:25    30910    119668   12.40    0.80    0.00    0.20   13.20     6  python
11:26:25    30910    119670   12.00    0.60    0.00    0.40   12.60    47  python
11:26:25    30910    119672   12.40    0.20    0.00    0.20   12.60    33  python
11:26:25    30910    119674   12.20    0.40    0.00    0.00   12.60    22  python
11:26:25    30910    119676   11.40    1.40    0.00    0.00   12.80    45  python
11:26:25    30910    119678   11.40    1.00    0.00    0.40   12.40     2  python
11:26:25    30910    119680   12.20    0.60    0.00    0.00   12.80    21  python
11:26:25    30910    119682   11.80    1.00    0.00    0.00   12.80     0  python
11:26:25    30910    119684   12.60    0.40    0.00    0.20   13.00     7  python
11:26:25    30910    119686   12.40    0.60    0.00    0.20   13.00    23  python
11:26:25    30910    119688   11.40    1.40    0.00    0.60   12.80    10  python
11:26:25    30910    119690   12.00    1.00    0.00    0.40   13.00    27  python
11:26:25    30910    119692   12.60    0.40    0.00    0.20   13.00    15  python
11:26:25    30910    119694   11.80    0.80    0.00    0.00   12.60    18  python
11:26:25    30910    119696   11.80    1.20    0.00    0.80   13.00     5  python
11:26:25    30910    119698   12.60    0.20    0.00    0.00   12.80    34  python
11:26:25    30910    119700   11.80    1.00    0.00    0.40   12.80    20  python

11:26:20      UID       PID  minflt/s  majflt/s     VSZ     RSS   %MEM  Command
11:26:25    30910    119095   3161.00      0.00 28770496 1551552   4.71  java
11:26:25    30910    119603    583.00      0.00   58112   54080   0.16  python
11:26:25    30910    119606    255.80      0.00   66496   58752   0.18  python
11:26:25    30910    119607    255.80      0.00   66496   58752   0.18  python
11:26:25    30910    119610    255.60      0.00   66496   58752   0.18  python
11:26:25    30910    119612    255.80      0.00   66496   58752   0.18  python
11:26:25    30910    119614    255.80      0.00   66496   58752   0.18  python
11:26:25    30910    119616    255.80      0.00   66496   58752   0.18  python
11:26:25    30910    119618    255.80      0.00   66496   58752   0.18  python
11:26:25    30910    119620    255.80      0.00   66496   58752   0.18  python
11:26:25    30910    119622    255.60      0.00   66496   58752   0.18  python
11:26:25    30910    119624    255.80      0.00   66496   58752   0.18  python
11:26:25    30910    119626    255.80      0.00   66496   58752   0.18  python
11:26:25    30910    119628    255.80      0.00   66496   58752   0.18  python
11:26:25    30910    119630    255.60      0.00   66496   58752   0.18  python
11:26:25    30910    119632    256.20      0.00   66496   58752   0.18  python
11:26:25    30910    119634    255.80      0.00   66496   58752   0.18  python
11:26:25    30910    119636    255.80      0.00   66496   58752   0.18  python
11:26:25    30910    119638    255.80      0.00   66496   58752   0.18  python
11:26:25    30910    119640    255.80      0.00   66496   58752   0.18  python
11:26:25    30910    119642    255.60      0.00   66496   58752   0.18  python
11:26:25    30910    119644    255.80      0.00   66496   58752   0.18  python
11:26:25    30910    119646    255.80      0.00   66496   58752   0.18  python
11:26:25    30910    119648    255.80      0.00   66496   58752   0.18  python
11:26:25    30910    119650    255.60      0.00   66496   58752   0.18  python
11:26:25    30910    119652    255.80      0.00   66496   58752   0.18  python
11:26:25    30910    119654    255.80      0.00   66496   58752   0.18  python
11:26:25    30910    119656    255.80      0.00   66496   58752   0.18  python
11:26:25    30910    119658    255.80      0.00   66496   58752   0.18  python
11:26:25    30910    119660    255.80      0.00   66496   58752   0.18  python
11:26:25    30910    119662    255.60      0.00   66496   58752   0.18  python
11:26:25    30910    119664    255.80      0.00   66496   58752   0.18  python
11:26:25    30910    119666    255.80      0.00   66496   58752   0.18  python
11:26:25    30910    119668    255.80      0.00   66496   58752   0.18  python
11:26:25    30910    119670    255.60      0.00   66496   58752   0.18  python
11:26:25    30910    119672    255.80      0.00   66496   58752   0.18  python
11:26:25    30910    119674    255.80      0.00   66496   58752   0.18  python
11:26:25    30910    119676    256.20      0.00   66496   58752   0.18  python
11:26:25    30910    119678    255.80      0.00   66496   58752   0.18  python
11:26:25    30910    119680    255.80      0.00   66496   58752   0.18  python
11:26:25    30910    119682    255.60      0.00   66496   58752   0.18  python
11:26:25    30910    119684    256.20      0.00   66496   58752   0.18  python
11:26:25    30910    119686    255.80      0.00   66496   58752   0.18  python
11:26:25    30910    119688    255.80      0.00   66496   58752   0.18  python
11:26:25    30910    119690    255.60      0.00   66496   58752   0.18  python
11:26:25    30910    119692    255.80      0.00   66496   58752   0.18  python
11:26:25    30910    119694    255.80      0.00   66496   58752   0.18  python
11:26:25    30910    119696    255.80      0.00   66496   58752   0.18  python
11:26:25    30910    119698    255.80      0.00   66496   58752   0.18  python
11:26:25    30910    119700    255.80      0.00   66496   58752   0.18  python

11:26:25      UID       PID    %usr %system  %guest   %wait    %CPU   CPU  Command
11:26:30        0        11    0.00    0.20    0.00    0.00    0.20    19  rcu_sched
11:26:30        0       797    0.00    0.20    0.00    0.00    0.20    23  jbd2/nvme0n1p4-
11:26:30        0      1450    0.00    0.40    0.00    0.00    0.40     1  NetworkManager
11:26:30      201      1723    0.20    0.00    0.00    0.00    0.20    29  telegraf
11:26:30        0     72982    0.20    0.00    0.00    0.00    0.20    11  kworker/11:0-events
11:26:30    30910    119089    0.80    1.40    0.00    0.00    2.20    29  pidstat
11:26:30    30910    119091    0.60    0.20    0.00    0.00    0.80     5  python
11:26:30        0    119092    0.00    0.20    0.00    0.00    0.20    30  kworker/u99:3-events_unbound
11:26:30    30910    119095 1996.80  124.20    0.00    0.00 2121.00    30  java

11:26:25      UID       PID  minflt/s  majflt/s     VSZ     RSS   %MEM  Command
11:26:30    30910    119091      1.00      0.00  239552   74368   0.23  python
11:26:30    30910    119095    883.00      0.00 28789120 1185728   3.60  java
