Linux 4.18.0-348.23.1.el8_5.aarch64 (cna0146.deucalion.macc.fccn.pt) 	16/03/26 	_aarch64_	(48 CPU)

11:23:10      UID       PID    %usr %system  %guest   %wait    %CPU   CPU  Command
11:23:15        0      1450    0.20    0.00    0.00    0.00    0.20     1  NetworkManager
11:23:15      201      1723    0.20    0.00    0.00    0.00    0.20    29  telegraf
11:23:15        0      2652    0.00    0.39    0.00    0.20    0.39     8  kiblnd_sd_00_00
11:23:15        0      2653    0.00    0.39    0.00    0.00    0.39     6  kiblnd_sd_00_01
11:23:15        0      2654    0.00    0.39    0.00    0.00    0.39    11  kiblnd_sd_00_02
11:23:15        0      2655    0.00    0.39    0.00    0.00    0.39     7  kiblnd_sd_00_03
11:23:15        0      2656    0.00    3.73    0.00    0.00    3.73    18  kiblnd_sd_01_00
11:23:15        0      2657    0.00    3.73    0.00    0.00    3.73    13  kiblnd_sd_01_01
11:23:15        0      2658    0.00    3.73    0.00    0.00    3.73    21  kiblnd_sd_01_02
11:23:15        0      2659    0.00    3.73    0.00    0.00    3.73    22  kiblnd_sd_01_03
11:23:15        0      2660    0.00    0.59    0.00    0.00    0.59    35  kiblnd_sd_02_00
11:23:15        0      2661    0.00    0.59    0.00    0.00    0.59    24  kiblnd_sd_02_01
11:23:15        0      2662    0.00    0.79    0.00    0.00    0.79    26  kiblnd_sd_02_02
11:23:15        0      2663    0.00    0.39    0.00    0.00    0.39    31  kiblnd_sd_02_03
11:23:15        0      2664    0.00    0.39    0.00    0.00    0.39    37  kiblnd_sd_03_00
11:23:15        0      2665    0.00    0.39    0.00    0.00    0.39    36  kiblnd_sd_03_01
11:23:15        0      2666    0.00    0.20    0.00    0.00    0.20    41  kiblnd_sd_03_02
11:23:15        0      2667    0.00    0.39    0.00    0.00    0.39    40  kiblnd_sd_03_03
11:23:15        0      2670    0.00    0.20    0.00    0.00    0.20    30  ptlrpcd_rcv
11:23:15        0      2671    0.00    0.59    0.00    0.00    0.59    10  ptlrpcd_00_00
11:23:15        0      2672    0.00    0.39    0.00    0.00    0.39     8  ptlrpcd_00_01
11:23:15        0      2673    0.00    0.59    0.00    0.00    0.59    10  ptlrpcd_00_02
11:23:15        0      2674    0.00    0.59    0.00    0.00    0.59    11  ptlrpcd_00_03
11:23:15        0      2675    0.00    0.59    0.00    0.00    0.59     0  ptlrpcd_00_04
11:23:15        0      2676    0.00    0.39    0.00    0.00    0.39     1  ptlrpcd_00_05
11:23:15        0      2677    0.00    0.59    0.00    0.00    0.59     3  ptlrpcd_00_06
11:23:15        0      2678    0.00    0.59    0.00    0.00    0.59     6  ptlrpcd_00_07
11:23:15        0      2679    0.00    0.39    0.00    0.00    0.39     7  ptlrpcd_00_08
11:23:15        0      2680    0.00    0.59    0.00    0.00    0.59     0  ptlrpcd_00_09
11:23:15        0      2681    0.00    0.39    0.00    0.00    0.39     7  ptlrpcd_00_10
11:23:15        0      2682    0.00    0.59    0.00    0.00    0.59     1  ptlrpcd_00_11
11:23:15        0      2683    0.00    0.20    0.00    0.00    0.20    14  ptlrpcd_01_00
11:23:15        0      2684    0.00    0.20    0.00    0.00    0.20    16  ptlrpcd_01_01
11:23:15        0      2685    0.00    0.20    0.00    0.00    0.20    23  ptlrpcd_01_02
11:23:15        0      2687    0.00    0.20    0.00    0.00    0.20    23  ptlrpcd_01_04
11:23:15        0      2688    0.00    0.20    0.00    0.00    0.20    15  ptlrpcd_01_05
11:23:15        0      2689    0.00    0.20    0.00    0.00    0.20    12  ptlrpcd_01_06
11:23:15        0      2690    0.00    0.20    0.00    0.00    0.20    23  ptlrpcd_01_07
11:23:15        0      2692    0.00    0.20    0.00    0.00    0.20    20  ptlrpcd_01_09
11:23:15        0      2693    0.00    0.20    0.00    0.00    0.20    12  ptlrpcd_01_10
11:23:15        0      2695    0.00    0.20    0.00    0.00    0.20    32  ptlrpcd_02_00
11:23:15        0      2696    0.00    0.20    0.00    0.00    0.20    24  ptlrpcd_02_01
11:23:15        0      2697    0.00    0.20    0.00    0.00    0.20    24  ptlrpcd_02_02
11:23:15        0      2698    0.00    0.20    0.00    0.00    0.20    26  ptlrpcd_02_03
11:23:15        0      2699    0.00    0.20    0.00    0.00    0.20    35  ptlrpcd_02_04
11:23:15        0      2700    0.00    0.20    0.00    0.00    0.20    28  ptlrpcd_02_05
11:23:15        0      2701    0.00    0.39    0.00    0.00    0.39    29  ptlrpcd_02_06
11:23:15        0      2702    0.00    0.20    0.00    0.00    0.20    25  ptlrpcd_02_07
11:23:15        0      2703    0.00    0.20    0.00    0.00    0.20    32  ptlrpcd_02_08
11:23:15        0      2704    0.00    0.20    0.00    0.00    0.20    27  ptlrpcd_02_09
11:23:15        0      2705    0.00    0.20    0.00    0.00    0.20    24  ptlrpcd_02_10
11:23:15        0      2706    0.00    0.20    0.00    0.00    0.20    29  ptlrpcd_02_11
11:23:15        0      2714    0.00    0.20    0.00    0.00    0.20    38  ptlrpcd_03_07
11:23:15        0      2715    0.00    0.20    0.00    0.00    0.20    38  ptlrpcd_03_08
11:23:15        0      2716    0.00    0.20    0.00    0.00    0.20    40  ptlrpcd_03_09
11:23:15        0      2717    0.00    0.20    0.00    0.00    0.20    38  ptlrpcd_03_10
11:23:15        0      2739    0.00    0.20    0.00    0.00    0.20    14  ldlm_bl_01
11:23:15        0      2740    0.00    0.20    0.00    0.00    0.20     9  ldlm_bl_02
11:23:15        0      4018    0.00    0.20    0.00    0.00    0.20     4  ldlm_bl_03
11:23:15        0     10845    0.00    0.20    0.00    0.00    0.20     4  ldlm_bl_04
11:23:15        0     10846    0.00    0.20    0.00    0.00    0.20     4  ldlm_bl_05
11:23:15        0     10847    0.00    0.20    0.00    0.00    0.20    31  ldlm_bl_06
11:23:15        0     10848    0.00    0.20    0.00    0.00    0.20     6  ldlm_bl_07
11:23:15        0     10849    0.00    0.20    0.00    0.00    0.20    19  ldlm_bl_08
11:23:15        0     10850    0.00    0.20    0.00    0.00    0.20    22  ldlm_bl_09
11:23:15        0     10851    0.00    0.20    0.00    0.00    0.20     4  ldlm_bl_10
11:23:15        0     12870    0.00    0.20    0.00    0.00    0.20    33  ldlm_bl_11
11:23:15        0     12871    0.00    0.20    0.00    0.00    0.20    15  ldlm_bl_12
11:23:15        0     12872    0.00    0.20    0.00    0.00    0.20    10  ldlm_bl_13
11:23:15        0     12873    0.00    0.20    0.00    0.00    0.20     4  ldlm_bl_14
11:23:15        0     12874    0.00    0.20    0.00    0.00    0.20     9  ldlm_bl_15
11:23:15        0     12875    0.00    0.20    0.00    0.00    0.20    27  ldlm_bl_16
11:23:15        0     12876    0.00    0.20    0.00    0.00    0.20    11  ldlm_bl_17
11:23:15        0     12877    0.00    0.20    0.00    0.00    0.20     4  ldlm_bl_18
11:23:15        0     12878    0.00    0.20    0.00    0.00    0.20     8  ldlm_bl_19
11:23:15        0     12879    0.00    0.20    0.00    0.00    0.20     8  ldlm_bl_20
11:23:15        0     12880    0.00    0.20    0.00    0.00    0.20     4  ldlm_bl_21
11:23:15        0     12881    0.00    0.20    0.00    0.00    0.20    31  ldlm_bl_22
11:23:15        0     12882    0.00    0.20    0.00    0.00    0.20     4  ldlm_bl_23
11:23:15        0     12883    0.00    0.20    0.00    0.00    0.20    37  ldlm_bl_24
11:23:15        0     12884    0.00    0.20    0.00    0.00    0.20    20  ldlm_bl_25
11:23:15        0     12885    0.00    0.20    0.00    0.00    0.20     5  ldlm_bl_26
11:23:15        0     12886    0.00    0.20    0.00    0.00    0.20    16  ldlm_bl_27
11:23:15        0     12887    0.00    0.20    0.00    0.00    0.20     9  ldlm_bl_28
11:23:15        0    115221    0.00    0.20    0.00    0.00    0.20    26  kworker/u96:0-ipoib_wq
11:23:15    30910    118349    0.20    1.38    0.00    0.00    1.57    29  pidstat
11:23:15    30910    118350    9.63    6.09    0.00    0.00   15.72    24  python
11:23:15    30910    118352   32.81   13.75    0.00    0.00   46.56    24  java

11:23:10      UID       PID  minflt/s  majflt/s     VSZ     RSS   %MEM  Command
11:23:15      901     70391      0.79      0.00 13343808   50496   0.15  icinga2
11:23:15        0    116617      0.39      0.00  145472    8832   0.03  slurmstepd
11:23:15        0    116624      0.20      0.00  374144   15552   0.05  slurmstepd
11:23:15    30910    118349     40.47      0.00   23232   17792   0.05  pidstat
11:23:15    30910    118350    110.81      0.00   57920   37696   0.11  python
11:23:15    30910    118352    404.91      0.20 4017024   84160   0.26  java

11:23:15      UID       PID    %usr %system  %guest   %wait    %CPU   CPU  Command
11:23:20        0        11    0.00    0.20    0.00    0.00    0.20    40  rcu_sched
11:23:20        0      1424    4.60    1.80    0.00    0.00    6.40    47  node_exporter
11:23:20        0      1450    0.00    0.20    0.00    0.00    0.20     2  NetworkManager
11:23:20      201      1723    0.20    0.00    0.00    0.00    0.20    29  telegraf
11:23:20        0      2655    0.00    0.20    0.00    0.00    0.20     7  kiblnd_sd_00_03
11:23:20        0      2656    0.00    0.20    0.00    0.00    0.20    20  kiblnd_sd_01_00
11:23:20        0      2657    0.00    0.20    0.00    0.00    0.20    13  kiblnd_sd_01_01
11:23:20        0      2658    0.00    0.20    0.00    0.00    0.20    21  kiblnd_sd_01_02
11:23:20        0      2659    0.00    0.20    0.00    0.00    0.20    22  kiblnd_sd_01_03
11:23:20        0      2661    0.00    0.20    0.00    0.00    0.20    24  kiblnd_sd_02_01
11:23:20        0      2672    0.00    0.20    0.00    0.00    0.20    10  ptlrpcd_00_01
11:23:20        0      2686    0.00    0.20    0.00    0.00    0.20    21  ptlrpcd_01_03
11:23:20        0      2699    0.00    0.20    0.00    0.00    0.20    24  ptlrpcd_02_04
11:23:20        0     55152    0.00    0.20    0.00    0.00    0.20     7  kworker/7:0-mm_percpu_wq
11:23:20      901     70391    0.20    0.00    0.00    0.00    0.20    19  icinga2
11:23:20    30910    118349    0.60    1.00    0.00    0.00    1.60    29  pidstat
11:23:20    30910    118350    0.60    0.60    0.00    0.00    1.20    26  python
11:23:20    30910    118352  289.40   12.60    0.00    0.00  302.00    24  java

11:23:15      UID       PID  minflt/s  majflt/s     VSZ     RSS   %MEM  Command
11:23:20        0      1424      3.80      0.00  728064   30656   0.09  node_exporter
11:23:20      901     70391      0.40      0.00 13343808   50496   0.15  icinga2
11:23:20    30910    118349      2.80      0.00   23232   22016   0.07  pidstat
11:23:20    30910    118350     43.00      0.00  132800   38272   0.12  python
11:23:20    30910    118352    792.60      0.00 10134976  244032   0.74  java

11:23:20      UID       PID    %usr %system  %guest   %wait    %CPU   CPU  Command
11:23:25        0      1441    0.20    0.00    0.00    0.00    0.20     6  cgroups_exporte
11:23:25        0      1450    0.00    0.20    0.00    0.00    0.20     3  NetworkManager
11:23:25        0      2652    0.00    0.20    0.00    0.00    0.20     8  kiblnd_sd_00_00
11:23:25        0      2656    0.00    0.20    0.00    0.00    0.20    20  kiblnd_sd_01_00
11:23:25        0      2663    0.00    0.20    0.00    0.00    0.20    32  kiblnd_sd_02_03
11:23:25        0      2679    0.00    0.20    0.00    0.00    0.20     7  ptlrpcd_00_08
11:23:25    30910    118349    0.80    1.00    0.00    0.00    1.80    29  pidstat
11:23:25    30910    118350    0.40    0.20    0.00    0.00    0.60     1  python
11:23:25    30910    118352  242.60    9.00    0.00    0.00  251.60    24  java

11:23:20      UID       PID  minflt/s  majflt/s     VSZ     RSS   %MEM  Command
11:23:25        0      1441      1.20      0.00 2424448   10944   0.03  cgroups_exporte
11:23:25      901     70391      0.40      0.00 13343808   50496   0.15  icinga2
11:23:25    30910    118350      5.20      0.20  207296   38976   0.12  python
11:23:25    30910    118352    304.80      0.00 13203072  321984   0.98  java

11:23:25      UID       PID    %usr %system  %guest   %wait    %CPU   CPU  Command
11:23:30        0        11    0.00    0.20    0.00    0.00    0.20    14  rcu_sched
11:23:30        0       343    0.00    0.20    0.00    0.00    0.20    44  kworker/44:1-mm_percpu_wq
11:23:30        0      1450    0.20    0.00    0.00    0.00    0.20     0  NetworkManager
11:23:30      901      1742    0.00    0.20    0.00    0.00    0.20     3  icinga2
11:23:30        0      2654    0.00    0.20    0.00    0.00    0.20    11  kiblnd_sd_00_02
11:23:30        0      2681    0.00    0.20    0.00    0.00    0.20     9  ptlrpcd_00_10
11:23:30        0    115120    0.20    0.00    0.00    0.00    0.20     0  kworker/0:2-events
11:23:30    30910    118349    0.60    1.00    0.00    0.00    1.60    29  pidstat
11:23:30    30910    118352  192.20    7.00    0.00    0.00  199.20    24  java

11:23:25      UID       PID  minflt/s  majflt/s     VSZ     RSS   %MEM  Command
11:23:30    30910    118350      0.60      0.00  207296   38976   0.12  python
11:23:30    30910    118352    433.00      0.00 13574272  447680   1.36  java

11:23:30      UID       PID    %usr %system  %guest   %wait    %CPU   CPU  Command
11:23:35        0      1424    6.00    0.40    0.00    0.00    6.40    47  node_exporter
11:23:35        0      1450    0.20    0.40    0.00    0.00    0.60     9  NetworkManager
11:23:35      201      1723    0.20    0.00    0.00    0.00    0.20    29  telegraf
11:23:35        0      2653    0.00    0.20    0.00    0.00    0.20     7  kiblnd_sd_00_01
11:23:35        0      2655    0.00    0.20    0.00    0.00    0.20    10  kiblnd_sd_00_03
11:23:35        0      2656    0.00    0.40    0.00    0.00    0.40    12  kiblnd_sd_01_00
11:23:35        0      2657    0.00    0.60    0.00    0.00    0.60    21  kiblnd_sd_01_01
11:23:35        0      2658    0.00    0.60    0.00    0.00    0.60    22  kiblnd_sd_01_02
11:23:35        0      2659    0.00    0.60    0.00    0.00    0.60    20  kiblnd_sd_01_03
11:23:35        0      2660    0.00    0.40    0.00    0.00    0.40    31  kiblnd_sd_02_00
11:23:35        0      2661    0.00    0.20    0.00    0.00    0.20    32  kiblnd_sd_02_01
11:23:35        0      2662    0.00    0.20    0.00    0.00    0.20    32  kiblnd_sd_02_02
11:23:35        0      2663    0.00    0.20    0.00    0.00    0.20    27  kiblnd_sd_02_03
11:23:35        0      2666    0.00    0.20    0.00    0.00    0.20    41  kiblnd_sd_03_02
11:23:35        0      2674    0.00    0.20    0.00    0.00    0.20     1  ptlrpcd_00_03
11:23:35        0      2676    0.00    0.20    0.00    0.00    0.20     1  ptlrpcd_00_05
11:23:35        0      2691    0.00    0.20    0.00    0.00    0.20    23  ptlrpcd_01_08
11:23:35        0      2705    0.00    0.20    0.00    0.00    0.20    25  ptlrpcd_02_10
11:23:35        0      2707    0.00    0.20    0.00    0.00    0.20    42  ptlrpcd_03_00
11:23:35        0      2709    0.00    0.20    0.00    0.00    0.20    47  ptlrpcd_03_02
11:23:35        0      2711    0.00    0.20    0.00    0.00    0.20    46  ptlrpcd_03_04
11:23:35        0      2718    0.00    0.20    0.00    0.00    0.20    41  ptlrpcd_03_11
11:23:35        0      2739    0.00    0.20    0.00    0.00    0.20    15  ldlm_bl_01
11:23:35        0     10849    0.00    0.20    0.00    0.00    0.20    19  ldlm_bl_08
11:23:35        0     12875    0.00    0.20    0.00    0.00    0.20    27  ldlm_bl_16
11:23:35        0     12876    0.00    0.20    0.00    0.00    0.20    11  ldlm_bl_17
11:23:35      901     70391    0.00    0.20    0.00    0.00    0.20    19  icinga2
11:23:35        0    115221    0.00    0.20    0.00    0.00    0.20     8  kworker/u96:0-ipoib_wq
11:23:35    30910    118349    0.40    1.20    0.00    0.00    1.60    29  pidstat
11:23:35    30910    118350    9.60    7.40    0.00    0.00   17.00    43  python
11:23:35    30910    118352  192.80    7.60    0.00    0.00  200.40    24  java

11:23:30      UID       PID  minflt/s  majflt/s     VSZ     RSS   %MEM  Command
11:23:35        0      1424      7.80      0.00  728064   29696   0.09  node_exporter
11:23:35    30910    118350     73.00      0.20  227840   55360   0.17  python
11:23:35    30910    118352    456.00      0.00 13793792  582528   1.77  java

11:23:35      UID       PID    %usr %system  %guest   %wait    %CPU   CPU  Command
11:23:40        0        11    0.00    0.20    0.00    0.00    0.20    15  rcu_sched
11:23:40        0      2652    0.00    0.20    0.00    0.00    0.20     3  kiblnd_sd_00_00
11:23:40        0      2653    0.00    0.20    0.00    0.00    0.20     4  kiblnd_sd_00_01
11:23:40        0      2654    0.00    0.20    0.00    0.00    0.20     2  kiblnd_sd_00_02
11:23:40        0      2656    0.00    1.00    0.00    0.00    1.00    12  kiblnd_sd_01_00
11:23:40        0      2657    0.00    1.00    0.00    0.00    1.00    20  kiblnd_sd_01_01
11:23:40        0      2658    0.00    1.00    0.00    0.00    1.00    22  kiblnd_sd_01_02
11:23:40        0      2659    0.00    1.00    0.00    0.00    1.00    23  kiblnd_sd_01_03
11:23:40        0      2660    0.00    0.40    0.00    0.00    0.40    34  kiblnd_sd_02_00
11:23:40        0      2661    0.00    0.60    0.00    0.00    0.60    24  kiblnd_sd_02_01
11:23:40        0      2662    0.00    0.40    0.00    0.00    0.40    31  kiblnd_sd_02_02
11:23:40        0      2663    0.00    0.40    0.00    0.00    0.40    33  kiblnd_sd_02_03
11:23:40        0      2664    0.00    0.20    0.00    0.00    0.20    39  kiblnd_sd_03_00
11:23:40        0      2665    0.00    0.20    0.00    0.00    0.20    42  kiblnd_sd_03_01
11:23:40        0      2671    0.00    0.20    0.00    0.00    0.20     7  ptlrpcd_00_00
11:23:40        0      2673    0.00    0.20    0.00    0.00    0.20     3  ptlrpcd_00_02
11:23:40        0      2675    0.00    0.20    0.00    0.00    0.20     0  ptlrpcd_00_04
11:23:40        0      2677    0.00    0.20    0.00    0.00    0.20     5  ptlrpcd_00_06
11:23:40        0      2678    0.00    0.20    0.00    0.00    0.20     7  ptlrpcd_00_07
11:23:40        0      2680    0.00    0.20    0.00    0.00    0.20    10  ptlrpcd_00_09
11:23:40        0      2682    0.00    0.20    0.00    0.00    0.20     8  ptlrpcd_00_11
11:23:40        0      2694    0.00    0.20    0.00    0.00    0.20    17  ptlrpcd_01_11
11:23:40        0      2702    0.00    0.20    0.00    0.00    0.20    26  ptlrpcd_02_07
11:23:40        0      2708    0.00    0.20    0.00    0.00    0.20    47  ptlrpcd_03_01
11:23:40        0      2710    0.00    0.20    0.00    0.00    0.20    40  ptlrpcd_03_03
11:23:40        0      2712    0.00    0.20    0.00    0.00    0.20    40  ptlrpcd_03_05
11:23:40        0      2713    0.00    0.20    0.00    0.00    0.20    47  ptlrpcd_03_06
11:23:40        0      2715    0.00    0.20    0.00    0.00    0.20    42  ptlrpcd_03_08
11:23:40        0      2717    0.00    0.20    0.00    0.00    0.20    43  ptlrpcd_03_10
11:23:40        0     12874    0.00    0.20    0.00    0.00    0.20     9  ldlm_bl_15
11:23:40        0     12878    0.00    0.20    0.00    0.00    0.20     8  ldlm_bl_19
11:23:40        0     12881    0.00    0.20    0.00    0.00    0.20    32  ldlm_bl_22
11:23:40        0     12883    0.00    0.20    0.00    0.00    0.20    39  ldlm_bl_24
11:23:40        0     12884    0.00    0.20    0.00    0.00    0.20    20  ldlm_bl_25
11:23:40        0     12887    0.00    0.20    0.00    0.00    0.20     9  ldlm_bl_28
11:23:40        0     55153    0.20    0.00    0.00    0.00    0.20     6  kworker/6:1-ptlrpc_pinger
11:23:40    30910    118349    0.20    1.40    0.00    0.00    1.60    29  pidstat
11:23:40    30910    118350   13.60   10.20    0.00    0.00   23.80    45  python
11:23:40    30910    118352  276.00   10.80    0.00    0.00  286.80    24  java

11:23:35      UID       PID  minflt/s  majflt/s     VSZ     RSS   %MEM  Command
11:23:40        0      1441      2.80      0.00 2424448   10944   0.03  cgroups_exporte
11:23:40    30910    118350     95.00      0.00  247616   74560   0.23  python
11:23:40    30910    118352    225.60      0.00 20830720  626368   1.90  java

11:23:40      UID       PID    %usr %system  %guest   %wait    %CPU   CPU  Command
11:23:45        0      1450    0.20    0.20    0.00    0.00    0.40     0  NetworkManager
11:23:45        0      2651    0.00    0.20    0.00    0.00    0.20     0  kiblnd_connd
11:23:45        0      2655    0.00    0.20    0.00    0.00    0.20     1  kiblnd_sd_00_03
11:23:45        0      2656    0.00    0.20    0.00    0.00    0.20    12  kiblnd_sd_01_00
11:23:45        0      2657    0.00    0.20    0.00    0.00    0.20    20  kiblnd_sd_01_01
11:23:45        0      2672    0.00    0.20    0.00    0.00    0.20    11  ptlrpcd_00_01
11:23:45        0      2740    0.00    0.20    0.00    0.00    0.20     9  ldlm_bl_02
11:23:45        0     10847    0.00    0.20    0.00    0.00    0.20    32  ldlm_bl_06
11:23:45    30910    118349    0.20    1.40    0.00    0.00    1.60    29  pidstat
11:23:45    30910    118350    3.00    1.60    0.00    0.00    4.60    45  python
11:23:45    30910    118352  310.80   13.40    0.00    0.00  324.20    24  java

11:23:40      UID       PID  minflt/s  majflt/s     VSZ     RSS   %MEM  Command
11:23:45    30910    118350      0.80      0.00  247616   74560   0.23  python
11:23:45    30910    118352    193.80      0.00 25704960  678784   2.06  java

11:23:45      UID       PID    %usr %system  %guest   %wait    %CPU   CPU  Command
11:23:50        0      1424    5.20    0.60    0.00    0.00    5.80    47  node_exporter
11:23:50        0      1450    0.00    0.20    0.00    0.00    0.20     2  NetworkManager
11:23:50      201      1723    0.20    0.00    0.00    0.00    0.20    29  telegraf
11:23:50        0      2656    0.00    0.60    0.00    0.20    0.60    22  kiblnd_sd_01_00
11:23:50        0      2657    0.00    0.60    0.00    0.00    0.60    22  kiblnd_sd_01_01
11:23:50        0      2658    0.00    0.60    0.00    0.00    0.60    20  kiblnd_sd_01_02
11:23:50        0      2659    0.00    0.60    0.00    0.20    0.60    16  kiblnd_sd_01_03
11:23:50        0      2660    0.00    0.20    0.00    0.00    0.20    32  kiblnd_sd_02_00
11:23:50        0      2661    0.00    0.20    0.00    0.00    0.20    31  kiblnd_sd_02_01
11:23:50        0      2662    0.00    0.40    0.00    0.00    0.40    31  kiblnd_sd_02_02
11:23:50        0      2663    0.00    0.20    0.00    0.00    0.20    32  kiblnd_sd_02_03
11:23:50        0      2674    0.00    0.20    0.00    0.00    0.20     3  ptlrpcd_00_03
11:23:50        0      2676    0.00    0.20    0.00    0.20    0.20    11  ptlrpcd_00_05
11:23:50        0      2679    0.00    0.20    0.00    0.00    0.20     5  ptlrpcd_00_08
11:23:50        0      2680    0.00    0.20    0.00    0.00    0.20     6  ptlrpcd_00_09
11:23:50        0      2681    0.00    0.20    0.00    0.00    0.20     0  ptlrpcd_00_10
11:23:50        0      2683    0.00    0.20    0.00    0.00    0.20    13  ptlrpcd_01_00
11:23:50        0      2687    0.00    0.20    0.00    0.00    0.20    17  ptlrpcd_01_04
11:23:50        0      2690    0.00    0.20    0.00    0.00    0.20    19  ptlrpcd_01_07
11:23:50        0      2698    0.00    0.20    0.00    0.00    0.20    26  ptlrpcd_02_03
11:23:50        0      2704    0.00    0.20    0.00    0.00    0.20    28  ptlrpcd_02_09
11:23:50        0      2707    0.00    0.20    0.00    0.00    0.20    47  ptlrpcd_03_00
11:23:50        0      2709    0.00    0.20    0.00    0.00    0.20    45  ptlrpcd_03_02
11:23:50        0      2714    0.00    0.20    0.00    0.00    0.20    37  ptlrpcd_03_07
11:23:50        0     10845    0.00    0.20    0.00    0.00    0.20    35  ldlm_bl_04
11:23:50        0     10846    0.00    0.20    0.00    0.00    0.20    19  ldlm_bl_05
11:23:50        0     10848    0.00    0.20    0.00    0.00    0.20    45  ldlm_bl_07
11:23:50        0     12870    0.00    0.20    0.00    0.00    0.20     2  ldlm_bl_11
11:23:50        0     12871    0.00    0.20    0.00    0.00    0.20     9  ldlm_bl_12
11:23:50        0     12872    0.00    0.20    0.00    0.00    0.20    24  ldlm_bl_13
11:23:50        0     12880    0.00    0.20    0.00    0.00    0.20     6  ldlm_bl_21
11:23:50        0     12885    0.00    0.20    0.00    0.00    0.20    10  ldlm_bl_26
11:23:50    30910    118349    0.40    1.20    0.00    0.00    1.60    29  pidstat
11:23:50    30910    118352  596.00   16.40    0.00    0.00  612.40    24  java
11:23:50    30910    118867   61.60    6.80    0.00    0.00   68.40    41  python
11:23:50    30910    118870   10.80    0.00    0.00    0.00   10.80    19  python
11:23:50    30910    118871   10.80    0.00    0.00    0.00   10.80    18  python
11:23:50    30910    118874   10.60    0.00    0.00    0.00   10.60    14  python
11:23:50    30910    118876   10.20    0.20    0.00    0.00   10.40     9  python
11:23:50    30910    118878   10.40    0.00    0.00    0.00   10.40    45  python
11:23:50    30910    118880   10.60    0.00    0.00    0.00   10.60    43  python
11:23:50    30910    118882   10.40    0.40    0.00    0.00   10.80     1  python
11:23:50    30910    118884   10.60    0.00    0.00    0.00   10.60    21  python
11:23:50    30910    118886   10.40    0.40    0.00    0.00   10.80    42  python
11:23:50    30910    118888   10.00    0.40    0.00    0.00   10.40    46  python
11:23:50    30910    118890   10.40    0.00    0.00    0.00   10.40     6  python
11:23:50    30910    118892    9.80    0.60    0.00    0.00   10.40     5  python
11:23:50    30910    118894   10.00    0.20    0.00    0.00   10.20     0  python
11:23:50    30910    118896   10.20    0.00    0.00    0.00   10.20    17  python
11:23:50    30910    118898   10.00    0.00    0.00    0.00   10.00    34  python
11:23:50    30910    118900    9.00    0.80    0.00    0.00    9.80    31  python
11:23:50    30910    118902   10.00    0.00    0.00    0.00   10.00    10  python
11:23:50    30910    118904    9.40    0.20    0.00    0.00    9.60    38  python
11:23:50    30910    118906    9.40    0.40    0.00    0.00    9.80    26  python
11:23:50    30910    118908    8.40    0.20    0.00    0.60    8.60    27  python
11:23:50    30910    118910    9.20    0.00    0.00    0.00    9.20    32  python
11:23:50    30910    118912    9.20    0.00    0.00    0.00    9.20    15  python
11:23:50    30910    118914    9.00    0.20    0.00    0.00    9.20    40  python
11:23:50    30910    118916    9.20    0.00    0.00    0.00    9.20    25  python
11:23:50    30910    118918    8.80    0.00    0.00    0.00    8.80    11  python
11:23:50    30910    118920    8.00    0.20    0.00    0.60    8.20    27  python
11:23:50    30910    118922    6.40    0.00    0.00    0.00    6.40    47  python
11:23:50    30910    118924    6.00    0.40    0.00    0.00    6.40    39  python
11:23:50    30910    118926    5.80    0.20    0.00    0.00    6.00     8  python
11:23:50    30910    118928    5.80    0.00    0.00    0.00    5.80    16  python
11:23:50    30910    118930    5.80    0.00    0.00    0.00    5.80    35  python
11:23:50    30910    118932    5.60    0.00    0.00    0.00    5.60    30  python
11:23:50    30910    118934    5.60    0.00    0.00    0.00    5.60    33  python
11:23:50    30910    118936    5.40    0.00    0.00    0.00    5.40    13  python
11:23:50    30910    118938    5.40    0.00    0.00    0.20    5.40    20  python
11:23:50    30910    118940    5.40    0.00    0.00    0.00    5.40     3  python
11:23:50    30910    118942    5.20    0.00    0.00    0.00    5.20     4  python
11:23:50    30910    118944    4.80    0.20    0.00    0.00    5.00    28  python
11:23:50    30910    118946    4.40    0.40    0.00    0.00    4.80    24  python
11:23:50    30910    118948    4.60    0.40    0.00    0.00    5.00     7  python
11:23:50    30910    118950    4.60    0.00    0.00    0.00    4.60     2  python
11:23:50    30910    118952    4.20    0.00    0.00    0.20    4.20    44  python
11:23:50    30910    118954    4.40    0.00    0.00    0.00    4.40    12  python
11:23:50    30910    118956    4.20    0.00    0.00    0.00    4.20    36  python
11:23:50    30910    118958    4.00    0.00    0.00    0.00    4.00    22  python
11:23:50    30910    118960    3.80    0.20    0.00    0.00    4.00    37  python
11:23:50    30910    118962    3.40    0.40    0.00    0.20    3.80    41  python
11:23:50    30910    118964    3.40    0.00    0.00    0.00    3.40    23  python

11:23:45      UID       PID  minflt/s  majflt/s     VSZ     RSS   %MEM  Command
11:23:50        0      1424      9.00      0.00  728064   29312   0.09  node_exporter
11:23:50    30910    118352    539.60      0.00 28793344  764288   2.32  java
11:23:50    30910    118867    774.80      0.00   58112   54080   0.16  python
11:23:50    30910    118870    213.60      0.00   65280   56256   0.17  python
11:23:50    30910    118871    213.20      0.00   65280   56256   0.17  python
11:23:50    30910    118874    214.20      0.00   66304   56256   0.17  python
11:23:50    30910    118876    213.40      0.00   65280   56192   0.17  python
11:23:50    30910    118878    213.00      0.00   65280   56256   0.17  python
11:23:50    30910    118880    213.80      0.00   65280   56256   0.17  python
11:23:50    30910    118882    219.00      0.00   66304   56256   0.17  python
11:23:50    30910    118884    213.40      0.00   65280   56192   0.17  python
11:23:50    30910    118886    213.60      0.00   65280   56320   0.17  python
11:23:50    30910    118888    213.20      0.00   65280   56256   0.17  python
11:23:50    30910    118890    213.40      0.00   65280   56256   0.17  python
11:23:50    30910    118892    213.80      0.00   65280   56256   0.17  python
11:23:50    30910    118894    213.60      0.00   65280   56256   0.17  python
11:23:50    30910    118896    212.80      0.00   65280   56256   0.17  python
11:23:50    30910    118898    211.40      0.00   65280   56256   0.17  python
11:23:50    30910    118900    210.60      0.00   64256   52352   0.16  python
11:23:50    30910    118902    210.40      0.00   64256   52352   0.16  python
11:23:50    30910    118904    211.40      0.00   65280   56192   0.17  python
11:23:50    30910    118906    210.40      0.00   64256   52416   0.16  python
11:23:50    30910    118908    206.80      0.00   63232   52352   0.16  python
11:23:50    30910    118910    208.80      0.00   64256   52352   0.16  python
11:23:50    30910    118912    209.00      0.00   64256   52352   0.16  python
11:23:50    30910    118914    208.40      0.00   64256   52352   0.16  python
11:23:50    30910    118916    208.60      0.00   64256   52352   0.16  python
11:23:50    30910    118918    206.80      0.00   63232   52352   0.16  python
11:23:50    30910    118920    203.60      0.00   62208   52352   0.16  python
11:23:50    30910    118922    196.40      0.00   60160   51968   0.16  python
11:23:50    30910    118924    196.60      0.00   60160   51968   0.16  python
11:23:50    30910    118926    196.20      0.00   60160   51968   0.16  python
11:23:50    30910    118928    196.40      0.00   60160   51968   0.16  python
11:23:50    30910    118930    196.40      0.00   60160   51968   0.16  python
11:23:50    30910    118932    196.40      0.00   60160   51968   0.16  python
11:23:50    30910    118934    196.20      0.00   60160   51968   0.16  python
11:23:50    30910    118936    196.20      0.00   60160   51968   0.16  python
11:23:50    30910    118938    195.60      0.00   60160   51968   0.16  python
11:23:50    30910    118940    195.60      0.00   60160   51968   0.16  python
11:23:50    30910    118942    195.60      0.00   60160   51968   0.16  python
11:23:50    30910    118944    195.80      0.00   60160   51968   0.16  python
11:23:50    30910    118946    195.40      0.00   60160   51968   0.16  python
11:23:50    30910    118948    195.60      0.00   60160   51968   0.16  python
11:23:50    30910    118950    195.60      0.00   60160   51968   0.16  python
11:23:50    30910    118952    195.60      0.00   60160   51968   0.16  python
11:23:50    30910    118954    195.60      0.00   60160   51968   0.16  python
11:23:50    30910    118956    195.60      0.00   60160   51968   0.16  python
11:23:50    30910    118958    195.60      0.00   60160   51968   0.16  python
11:23:50    30910    118960    195.60      0.00   60160   51968   0.16  python
11:23:50    30910    118962    195.60      0.00   60160   51968   0.16  python
11:23:50    30910    118964    195.60      0.00   60160   51968   0.16  python

11:23:50      UID       PID    %usr %system  %guest   %wait    %CPU   CPU  Command
11:23:55        0        11    0.00    0.20    0.00    0.00    0.20    16  rcu_sched
11:23:55        0       797    0.00    0.20    0.00    0.00    0.20    33  jbd2/nvme0n1p4-
11:23:55        0      1441    0.20    0.00    0.00    0.00    0.20     6  cgroups_exporte
11:23:55        0      1450    0.00    0.20    0.00    0.00    0.20     3  NetworkManager
11:23:55      201      1723    0.20    0.00    0.00    0.00    0.20    29  telegraf
11:23:55        0      2652    0.00    1.00    0.00    0.20    1.00     6  kiblnd_sd_00_00
11:23:55        0      2653    0.00    1.00    0.00    0.40    1.00     3  kiblnd_sd_00_01
11:23:55        0      2654    0.00    1.00    0.00    0.40    1.00    11  kiblnd_sd_00_02
11:23:55        0      2655    0.00    0.80    0.00    0.20    0.80     7  kiblnd_sd_00_03
11:23:55        0      2656    0.00    0.40    0.00    0.00    0.40    23  kiblnd_sd_01_00
11:23:55        0      2657    0.00    0.40    0.00    0.00    0.40    15  kiblnd_sd_01_01
11:23:55        0      2658    0.00    0.40    0.00    0.20    0.40    12  kiblnd_sd_01_02
11:23:55        0      2659    0.00    0.40    0.00    0.00    0.40    21  kiblnd_sd_01_03
11:23:55        0      2660    0.00    0.20    0.00    0.00    0.20    24  kiblnd_sd_02_00
11:23:55        0      2663    0.00    0.20    0.00    0.00    0.20    24  kiblnd_sd_02_03
11:23:55        0      2667    0.00    0.20    0.00    0.00    0.20    41  kiblnd_sd_03_03
11:23:55        0      2671    0.00    0.20    0.00    0.00    0.20     7  ptlrpcd_00_00
11:23:55        0      2675    0.00    0.20    0.00    0.00    0.20     6  ptlrpcd_00_04
11:23:55        0      2677    0.00    0.20    0.00    0.00    0.20     7  ptlrpcd_00_06
11:23:55        0      2684    0.00    0.20    0.00    0.00    0.20    15  ptlrpcd_01_01
11:23:55        0      2685    0.00    0.20    0.00    0.00    0.20    16  ptlrpcd_01_02
11:23:55        0      2689    0.00    0.20    0.00    0.00    0.20    23  ptlrpcd_01_06
11:23:55        0      2692    0.00    0.20    0.00    0.00    0.20    21  ptlrpcd_01_09
11:23:55        0      2695    0.00    0.20    0.00    0.00    0.20    30  ptlrpcd_02_00
11:23:55        0      2697    0.00    0.20    0.00    0.00    0.20    34  ptlrpcd_02_02
11:23:55        0      2700    0.00    0.20    0.00    0.00    0.20    24  ptlrpcd_02_05
11:23:55        0      2703    0.00    0.20    0.00    0.00    0.20    31  ptlrpcd_02_08
11:23:55        0      2711    0.00    0.20    0.00    0.00    0.20    44  ptlrpcd_03_04
11:23:55        0      2716    0.00    0.20    0.00    0.00    0.20    38  ptlrpcd_03_09
11:23:55        0      2718    0.00    0.20    0.00    0.00    0.20    38  ptlrpcd_03_11
11:23:55        0      2739    0.00    0.20    0.00    0.00    0.20     9  ldlm_bl_01
11:23:55        0      4018    0.00    0.20    0.00    0.00    0.20     7  ldlm_bl_03
11:23:55        0     10850    0.00    0.20    0.00    0.00    0.20    44  ldlm_bl_09
11:23:55        0     10851    0.00    0.20    0.00    0.00    0.20     8  ldlm_bl_10
11:23:55        0     12873    0.00    0.20    0.00    0.00    0.20    35  ldlm_bl_14
11:23:55        0     12875    0.00    0.20    0.00    0.00    0.20    42  ldlm_bl_16
11:23:55        0     12876    0.00    0.20    0.00    0.00    0.20    35  ldlm_bl_17
11:23:55        0     12877    0.00    0.20    0.00    0.00    0.20    29  ldlm_bl_18
11:23:55        0     12879    0.00    0.20    0.00    0.00    0.20     6  ldlm_bl_20
11:23:55        0     12882    0.00    0.20    0.00    0.00    0.20    25  ldlm_bl_23
11:23:55        0     12886    0.00    0.20    0.00    0.00    0.20    15  ldlm_bl_27
11:23:55      901     70391    0.00    0.20    0.00    0.00    0.20    15  icinga2
11:23:55        0    115221    0.00    0.20    0.00    0.00    0.20    24  kworker/u96:0-ipoib_wq
11:23:55        0    115429    0.00    0.20    0.00    0.00    0.20    35  kworker/u99:1-flush-259:0
11:23:55    30910    118349    0.60    1.40    0.00    0.00    2.00    29  pidstat
11:23:55    30910    118350    0.00    0.20    0.00    0.00    0.20    45  python
11:23:55    30910    118352 2245.80  101.40    0.00    0.00 2347.20    24  java
11:23:55    30910    118870    1.40    0.40    0.00    1.20    1.80    46  python
11:23:55    30910    118871    1.40    0.60    0.00    0.80    2.00     2  python
11:23:55    30910    118874    1.20    0.60    0.00    0.00    1.80     6  python
11:23:55    30910    118876    1.60    0.60    0.00    0.20    2.20    19  python
11:23:55    30910    118878    1.80    0.40    0.00    0.40    2.20    45  python
11:23:55    30910    118880    1.20    0.40    0.00    0.60    1.60    37  python
11:23:55    30910    118882    1.00    0.60    0.00    0.00    1.60     9  python
11:23:55    30910    118884    2.00    0.00    0.00    0.20    2.00    21  python
11:23:55    30910    118886    1.40    0.20    0.00    0.20    1.60    42  python
11:23:55    30910    118888    1.60    0.40    0.00    0.00    2.00    46  python
11:23:55    30910    118890    1.40    0.60    0.00    0.00    2.00    10  python
11:23:55    30910    118892    1.80    0.00    0.00    0.20    1.80     5  python
11:23:55    30910    118894    1.60    0.40    0.00    0.20    2.00    18  python
11:23:55    30910    118896    2.00    0.20    0.00    1.00    2.20    18  python
11:23:55    30910    118898    2.40    0.00    0.00    0.00    2.40    34  python
11:23:55    30910    118900    2.40    0.60    0.00    0.00    3.00    31  python
11:23:55    30910    118902    2.00    0.60    0.00    0.00    2.60    15  python
11:23:55    30910    118904    2.20    0.40    0.00    0.00    2.60    38  python
11:23:55    30910    118906    2.20    0.40    0.00    0.00    2.60    26  python
11:23:55    30910    118908    3.60    0.60    0.00    0.80    4.20     7  python
11:23:55    30910    118910    3.00    0.60    0.00    1.00    3.60    43  python
11:23:55    30910    118912    2.40    1.00    0.00    0.20    3.40    32  python
11:23:55    30910    118914    3.00    0.40    0.00    0.00    3.40    40  python
11:23:55    30910    118916    2.40    0.80    0.00    0.00    3.20    25  python
11:23:55    30910    118918    2.80    0.80    0.00    0.40    3.60     5  python
11:23:55    30910    118920    3.80    0.60    0.00    0.80    4.40     9  python
11:23:55    30910    118922    6.60    0.00    0.00    0.20    6.60     8  python
11:23:55    30910    118924    5.80    0.40    0.00    0.20    6.20    39  python
11:23:55    30910    118926    6.00    0.60    0.00    0.00    6.60     6  python
11:23:55    30910    118928    6.40    0.60    0.00    0.00    7.00    37  python
11:23:55    30910    118930    6.20    1.00    0.00    0.00    7.20    11  python
11:23:55    30910    118932    6.60    0.40    0.00    0.60    7.00     6  python
11:23:55    30910    118934    6.40    0.60    0.00    0.20    7.00    30  python
11:23:55    30910    118936    6.40    0.60    0.00    0.40    7.00    27  python
11:23:55    30910    118938    7.60    0.20    0.00    0.20    7.80    38  python
11:23:55    30910    118940    6.40    0.40    0.00    0.20    6.80     2  python
11:23:55    30910    118942    7.00    0.60    0.00    0.00    7.60     4  python
11:23:55    30910    118944    7.40    0.40    0.00    0.20    7.80     3  python
11:23:55    30910    118946    6.80    1.00    0.00    0.20    7.80    31  python
11:23:55    30910    118948    7.40    1.00    0.00    0.20    8.40    20  python
11:23:55    30910    118950    7.20    0.60    0.00    0.20    7.80    16  python
11:23:55    30910    118952    8.00    0.40    0.00    0.40    8.40    45  python
11:23:55    30910    118954    8.00    0.20    0.00    0.40    8.20    14  python
11:23:55    30910    118956    7.40    1.00    0.00    0.00    8.40     8  python
11:23:55    30910    118958    7.80    0.80    0.00    0.20    8.60    13  python
11:23:55    30910    118960    8.20    0.60    0.00    0.00    8.80    19  python
11:23:55    30910    118962    8.60    0.20    0.00    0.20    8.80    42  python
11:23:55    30910    118964    8.40    0.80    0.00    0.00    9.20    23  python

11:23:50      UID       PID  minflt/s  majflt/s     VSZ     RSS   %MEM  Command
11:23:55    30910    118352   3747.60      0.00 28774784 1722560   5.23  java
11:23:55    30910    118867      0.80      0.00   58112   54080   0.16  python
11:23:55    30910    118870     41.60      0.00   66496   58880   0.18  python
11:23:55    30910    118871     41.80      0.00   66496   58816   0.18  python
11:23:55    30910    118874     40.80      0.00   66496   58816   0.18  python
11:23:55    30910    118876     41.60      0.00   66496   58816   0.18  python
11:23:55    30910    118878     42.00      0.00   66496   58816   0.18  python
11:23:55    30910    118880     41.20      0.00   66496   58816   0.18  python
11:23:55    30910    118882     36.00      0.00   66496   58816   0.18  python
11:23:55    30910    118884     41.80      0.00   66496   58816   0.18  python
11:23:55    30910    118886     41.20      0.00   66496   58816   0.18  python
11:23:55    30910    118888     41.80      0.00   66496   58816   0.18  python
11:23:55    30910    118890     41.60      0.00   66496   58816   0.18  python
11:23:55    30910    118892     41.20      0.00   66496   58816   0.18  python
11:23:55    30910    118894     41.40      0.00   66496   58816   0.18  python
11:23:55    30910    118896     42.20      0.00   66496   58816   0.18  python
11:23:55    30910    118898     43.60      0.00   66496   58816   0.18  python
11:23:55    30910    118900     44.40      0.00   66496   58816   0.18  python
11:23:55    30910    118902     44.60      0.00   66496   58816   0.18  python
11:23:55    30910    118904     43.80      0.00   66496   58816   0.18  python
11:23:55    30910    118906     44.60      0.00   66496   58880   0.18  python
11:23:55    30910    118908     48.20      0.00   66496   58816   0.18  python
11:23:55    30910    118910     46.20      0.00   66496   58816   0.18  python
11:23:55    30910    118912     46.00      0.00   66496   58816   0.18  python
11:23:55    30910    118914     46.60      0.00   66496   58816   0.18  python
11:23:55    30910    118916     46.40      0.00   66496   58816   0.18  python
11:23:55    30910    118918     48.20      0.00   66496   58816   0.18  python
11:23:55    30910    118920     51.40      0.00   66496   58816   0.18  python
11:23:55    30910    118922     58.60      0.00   66496   58816   0.18  python
11:23:55    30910    118924     58.60      0.00   66496   58816   0.18  python
11:23:55    30910    118926     58.60      0.00   66496   58816   0.18  python
11:23:55    30910    118928     58.60      0.00   66496   58816   0.18  python
11:23:55    30910    118930     58.60      0.00   66496   58816   0.18  python
11:23:55    30910    118932     58.60      0.00   66496   58816   0.18  python
11:23:55    30910    118934     58.80      0.00   66496   58816   0.18  python
11:23:55    30910    118936     58.80      0.00   66496   58816   0.18  python
11:23:55    30910    118938     59.40      0.00   66496   58816   0.18  python
11:23:55    30910    118940     59.40      0.00   66496   58816   0.18  python
11:23:55    30910    118942     59.40      0.00   66496   58816   0.18  python
11:23:55    30910    118944     59.40      0.00   66496   58816   0.18  python
11:23:55    30910    118946     59.40      0.00   66496   58816   0.18  python
11:23:55    30910    118948     59.40      0.00   66496   58816   0.18  python
11:23:55    30910    118950     59.60      0.00   66496   58880   0.18  python
11:23:55    30910    118952     59.40      0.00   66496   58816   0.18  python
11:23:55    30910    118954     59.40      0.00   66496   58816   0.18  python
11:23:55    30910    118956     59.40      0.00   66496   58816   0.18  python
11:23:55    30910    118958     59.40      0.00   66496   58816   0.18  python
11:23:55    30910    118960     59.40      0.00   66496   58816   0.18  python
11:23:55    30910    118962     59.40      0.00   66496   58816   0.18  python
11:23:55    30910    118964     59.60      0.00   66496   58816   0.18  python
