Linux 4.18.0-348.23.1.el8_5.aarch64 (cna0146.deucalion.macc.fccn.pt) 	16/03/26 	_aarch64_	(48 CPU)

11:42:38      UID       PID    %usr %system  %guest   %wait    %CPU   CPU  Command
11:42:43        0        11    0.00    0.20    0.00    0.00    0.20    25  rcu_sched
11:42:43        0      1441    0.20    0.00    0.00    0.00    0.20    12  cgroups_exporte
11:42:43        0      1450    0.20    0.00    0.00    0.00    0.20     8  NetworkManager
11:42:43      201      1723    0.20    0.00    0.00    0.00    0.20    29  telegraf
11:42:43        0      2655    0.00    0.20    0.00    0.00    0.20     2  kiblnd_sd_00_03
11:42:43        0      2656    0.00    3.55    0.00    0.00    3.55    21  kiblnd_sd_01_00
11:42:43        0      2657    0.00    3.75    0.00    0.00    3.75    22  kiblnd_sd_01_01
11:42:43        0      2658    0.00    3.75    0.00    0.00    3.75    14  kiblnd_sd_01_02
11:42:43        0      2659    0.00    3.55    0.00    0.00    3.55    23  kiblnd_sd_01_03
11:42:43        0      2660    0.00    0.20    0.00    0.00    0.20    35  kiblnd_sd_02_00
11:42:43        0      2661    0.00    0.20    0.00    0.00    0.20    24  kiblnd_sd_02_01
11:42:43        0      2662    0.00    0.20    0.00    0.00    0.20    27  kiblnd_sd_02_02
11:42:43        0      2663    0.00    0.20    0.00    0.20    0.20    30  kiblnd_sd_02_03
11:42:43        0      2671    0.00    0.20    0.00    0.00    0.20     1  ptlrpcd_00_00
11:42:43        0      2672    0.00    0.39    0.00    0.00    0.39     2  ptlrpcd_00_01
11:42:43        0      2673    0.00    0.20    0.00    0.00    0.20     1  ptlrpcd_00_02
11:42:43        0      2674    0.00    0.39    0.00    0.00    0.39     2  ptlrpcd_00_03
11:42:43        0      2675    0.00    0.39    0.00    0.00    0.39     4  ptlrpcd_00_04
11:42:43        0      2676    0.00    0.20    0.00    0.00    0.20     7  ptlrpcd_00_05
11:42:43        0      2677    0.00    0.39    0.00    0.00    0.39     8  ptlrpcd_00_06
11:42:43        0      2678    0.00    0.20    0.00    0.00    0.20     1  ptlrpcd_00_07
11:42:43        0      2679    0.00    0.20    0.00    0.00    0.20     8  ptlrpcd_00_08
11:42:43        0      2680    0.00    0.20    0.00    0.00    0.20     1  ptlrpcd_00_09
11:42:43        0      2681    0.00    0.20    0.00    0.00    0.20     2  ptlrpcd_00_10
11:42:43        0      2682    0.00    0.20    0.00    0.00    0.20     1  ptlrpcd_00_11
11:42:43        0      2686    0.00    0.20    0.00    0.00    0.20    17  ptlrpcd_01_03
11:42:43        0      2691    0.00    0.20    0.00    0.00    0.20    20  ptlrpcd_01_08
11:42:43        0      2692    0.00    0.20    0.00    0.00    0.20    15  ptlrpcd_01_09
11:42:43        0      2693    0.00    0.20    0.00    0.00    0.20    17  ptlrpcd_01_10
11:42:43        0      2700    0.00    0.20    0.00    0.00    0.20    25  ptlrpcd_02_05
11:42:43        0      2706    0.00    0.20    0.00    0.00    0.20    27  ptlrpcd_02_11
11:42:43        0      2707    0.00    0.39    0.00    0.00    0.39    39  ptlrpcd_03_00
11:42:43        0      2708    0.00    0.39    0.00    0.00    0.39    38  ptlrpcd_03_01
11:42:43        0      2709    0.00    0.39    0.00    0.00    0.39    41  ptlrpcd_03_02
11:42:43        0      2710    0.00    0.39    0.00    0.00    0.39    47  ptlrpcd_03_03
11:42:43        0      2711    0.00    0.39    0.00    0.00    0.39    38  ptlrpcd_03_04
11:42:43        0      2712    0.00    0.39    0.00    0.00    0.39    36  ptlrpcd_03_05
11:42:43        0      2713    0.00    0.39    0.00    0.00    0.39    42  ptlrpcd_03_06
11:42:43        0      2714    0.00    0.39    0.00    0.00    0.39    39  ptlrpcd_03_07
11:42:43        0      2715    0.00    0.39    0.00    0.00    0.39    39  ptlrpcd_03_08
11:42:43        0      2716    0.00    0.20    0.00    0.00    0.20    37  ptlrpcd_03_09
11:42:43        0      2717    0.00    0.20    0.00    0.00    0.20    39  ptlrpcd_03_10
11:42:43        0      2718    0.00    0.39    0.00    0.00    0.39    37  ptlrpcd_03_11
11:42:43        0      2739    0.00    0.20    0.00    0.00    0.20    44  ldlm_bl_01
11:42:43        0      2740    0.00    0.20    0.00    0.00    0.20    16  ldlm_bl_02
11:42:43        0      4018    0.00    0.20    0.00    0.00    0.20     8  ldlm_bl_03
11:42:43        0     10845    0.00    0.20    0.00    0.00    0.20    30  ldlm_bl_04
11:42:43        0     10846    0.00    0.20    0.00    0.00    0.20    38  ldlm_bl_05
11:42:43        0     10847    0.00    0.20    0.00    0.00    0.20    45  ldlm_bl_06
11:42:43        0     10848    0.00    0.20    0.00    0.00    0.20     7  ldlm_bl_07
11:42:43        0     10849    0.00    0.20    0.00    0.00    0.20    44  ldlm_bl_08
11:42:43        0     10850    0.00    0.20    0.00    0.00    0.20    24  ldlm_bl_09
11:42:43        0     10851    0.00    0.20    0.00    0.00    0.20    45  ldlm_bl_10
11:42:43        0     12870    0.00    0.20    0.00    0.00    0.20    46  ldlm_bl_11
11:42:43        0     12871    0.00    0.20    0.00    0.00    0.20     8  ldlm_bl_12
11:42:43        0     12872    0.00    0.20    0.00    0.00    0.20     7  ldlm_bl_13
11:42:43        0     12873    0.00    0.20    0.00    0.00    0.20    40  ldlm_bl_14
11:42:43        0     12874    0.00    0.20    0.00    0.00    0.20     0  ldlm_bl_15
11:42:43        0     12876    0.00    0.20    0.00    0.00    0.20    45  ldlm_bl_17
11:42:43        0     12877    0.00    0.20    0.00    0.00    0.20    38  ldlm_bl_18
11:42:43        0     12878    0.00    0.20    0.00    0.00    0.20    40  ldlm_bl_19
11:42:43        0     12879    0.00    0.20    0.00    0.00    0.20    13  ldlm_bl_20
11:42:43        0     12880    0.00    0.20    0.00    0.00    0.20    24  ldlm_bl_21
11:42:43        0     12881    0.00    0.20    0.00    0.00    0.20    37  ldlm_bl_22
11:42:43        0     12882    0.00    0.20    0.00    0.00    0.20    45  ldlm_bl_23
11:42:43        0     12883    0.00    0.20    0.00    0.00    0.20     0  ldlm_bl_24
11:42:43        0     12884    0.00    0.20    0.00    0.00    0.20     7  ldlm_bl_25
11:42:43        0     12885    0.00    0.20    0.00    0.00    0.20     7  ldlm_bl_26
11:42:43        0     12886    0.00    0.20    0.00    0.00    0.20    45  ldlm_bl_27
11:42:43        0     12887    0.00    0.20    0.00    0.00    0.20     0  ldlm_bl_28
11:42:43        0    114592    0.00    0.20    0.00    0.00    0.20     2  kworker/u96:1-ipoib_wq
11:42:43    30910    121285    0.00    1.78    0.00    0.00    1.78    15  pidstat
11:42:43    30910    121579    0.39    1.18    0.00    0.00    1.58     3  pidstat
11:42:43    30910    122103    0.00    1.58    0.00    0.00    1.58    15  pidstat
11:42:43    30910    123489    0.59    0.99    0.00    0.00    1.58     3  pidstat
11:42:43    30910    123490    9.86    3.75    0.00    0.00   13.61     8  python
11:42:43    30910    123492  107.50   15.78    0.00    0.00  123.27     4  java

11:42:38      UID       PID  minflt/s  majflt/s     VSZ     RSS   %MEM  Command
11:42:43        0      1441      2.17      0.00 2424448    9536   0.03  cgroups_exporte
11:42:43    30910    123489     40.63      0.00   23232   17792   0.05  pidstat
11:42:43    30910    123490    101.97      0.00   49664   37632   0.11  python
11:42:43    30910    123492    630.97      0.00 4837760  127040   0.39  java

11:42:43      UID       PID    %usr %system  %guest   %wait    %CPU   CPU  Command
11:42:48        0      1424    5.20    1.40    0.00    0.00    6.60    27  node_exporter
11:42:48        0      1450    0.20    0.00    0.00    0.00    0.20     0  NetworkManager
11:42:48        0      2654    0.00    0.20    0.00    0.00    0.20     5  kiblnd_sd_00_02
11:42:48        0      2656    0.00    0.20    0.00    0.00    0.20    21  kiblnd_sd_01_00
11:42:48        0      2659    0.00    0.20    0.00    0.00    0.20    23  kiblnd_sd_01_03
11:42:48        0     12875    0.00    0.20    0.00    0.00    0.20    44  ldlm_bl_16
11:42:48      901     70391    0.00    0.20    0.00    0.00    0.20    15  icinga2
11:42:48    30910    121285    0.40    1.20    0.00    0.00    1.60    15  pidstat
11:42:48    30910    121579    0.80    1.00    0.00    0.00    1.80    24  pidstat
11:42:48    30910    122103    0.60    1.00    0.00    0.00    1.60    15  pidstat
11:42:48    30910    123489    0.60    1.00    0.00    0.00    1.60     3  pidstat
11:42:48    30910    123490    0.80    0.40    0.00    0.00    1.20     8  python
11:42:48    30910    123492  262.60   10.20    0.00    0.00  272.80     4  java

11:42:43      UID       PID  minflt/s  majflt/s     VSZ     RSS   %MEM  Command
11:42:48        0      1424     11.00      0.00  728064   28544   0.09  node_exporter
11:42:48    30910    123489      2.60      0.00   23232   22016   0.07  pidstat
11:42:48    30910    123490     43.60      0.00  124544   38208   0.12  python
11:42:48    30910    123492    647.40      0.00 12307456  265664   0.81  java

11:42:48      UID       PID    %usr %system  %guest   %wait    %CPU   CPU  Command
11:42:53        0        11    0.00    0.20    0.00    0.00    0.20    27  rcu_sched
11:42:53        0      1450    0.00    0.20    0.00    0.00    0.20     1  NetworkManager
11:42:53      201      1723    0.20    0.00    0.00    0.00    0.20    29  telegraf
11:42:53        0      2653    0.00    0.20    0.00    0.00    0.20     0  kiblnd_sd_00_01
11:42:53        0      2658    0.00    0.20    0.00    0.00    0.20    23  kiblnd_sd_01_02
11:42:53        0      2663    0.00    0.20    0.00    0.00    0.20    32  kiblnd_sd_02_03
11:42:53        0      2673    0.00    0.20    0.00    0.00    0.20     7  ptlrpcd_00_02
11:42:53        0      2688    0.00    0.20    0.00    0.00    0.20    13  ptlrpcd_01_05
11:42:53        0      2716    0.00    0.20    0.00    0.00    0.20    37  ptlrpcd_03_09
11:42:53        0    115134    0.20    0.00    0.00    0.00    0.20    28  kworker/28:1-events
11:42:53        0    116624    0.00    0.20    0.00    0.00    0.20    31  slurmstepd
11:42:53    30910    121285    0.40    1.20    0.00    0.00    1.60    15  pidstat
11:42:53    30910    121579    0.00    1.60    0.00    0.00    1.60    24  pidstat
11:42:53    30910    122103    0.00    1.60    0.00    0.00    1.60    15  pidstat
11:42:53    30910    123489    0.40    1.40    0.00    0.00    1.80     3  pidstat
11:42:53    30910    123490    0.20    0.00    0.00    0.00    0.20    39  python
11:42:53    30910    123492  242.20    6.40    0.00    0.00  248.60     4  java

11:42:48      UID       PID  minflt/s  majflt/s     VSZ     RSS   %MEM  Command
11:42:53    30910    123490      6.20      0.00  199040   38912   0.12  python
11:42:53    30910    123492    278.40      0.00 13484160  330112   1.00  java

11:42:53      UID       PID    %usr %system  %guest   %wait    %CPU   CPU  Command
11:42:58        0      1450    0.20    0.00    0.00    0.00    0.20     0  NetworkManager
11:42:58      201      1723    1.40    0.00    0.00    0.00    1.40    29  telegraf
11:42:58        0      2657    0.00    0.20    0.00    0.00    0.20    23  kiblnd_sd_01_01
11:42:58        0      2659    0.00    0.20    0.00    0.00    0.20    12  kiblnd_sd_01_03
11:42:58        0      2717    0.00    0.20    0.00    0.00    0.20    39  ptlrpcd_03_10
11:42:58        0     46260    0.00    0.20    0.00    0.00    0.20     1  kworker/1:0-mm_percpu_wq
11:42:58      901     70391    0.20    0.00    0.00    0.00    0.20    15  icinga2
11:42:58        0    114592    0.00    0.20    0.00    0.00    0.20    27  kworker/u96:1-ipoib_wq
11:42:58    30910    121285    0.40    1.20    0.00    0.00    1.60    15  pidstat
11:42:58    30910    121579    0.40    1.20    0.00    0.00    1.60    24  pidstat
11:42:58    30910    122103    0.20    1.40    0.00    0.00    1.60    15  pidstat
11:42:58    30910    123489    0.00    1.60    0.00    0.00    1.60     3  pidstat
11:42:58    30910    123490    0.20    0.00    0.00    0.00    0.20    39  python
11:42:58    30910    123492  189.20    8.40    0.00    0.00  197.60     4  java

11:42:53      UID       PID  minflt/s  majflt/s     VSZ     RSS   %MEM  Command
11:42:58    30910    123490      0.80      0.00  199040   38912   0.12  python
11:42:58    30910    123492    626.40      0.00 13582464  510272   1.55  java

11:42:58      UID       PID    %usr %system  %guest   %wait    %CPU   CPU  Command
11:43:03        0        11    0.00    0.20    0.00    0.00    0.20     2  rcu_sched
11:43:03        0      1424    5.00    0.80    0.00    0.00    5.80    27  node_exporter
11:43:03      201      1723    0.20    0.00    0.00    0.00    0.20    29  telegraf
11:43:03        0      2652    0.00    0.20    0.00    0.00    0.20     4  kiblnd_sd_00_00
11:43:03        0      2656    0.00    1.20    0.00    0.00    1.20    22  kiblnd_sd_01_00
11:43:03        0      2657    0.00    1.20    0.00    0.00    1.20    23  kiblnd_sd_01_01
11:43:03        0      2658    0.00    1.20    0.00    0.00    1.20    14  kiblnd_sd_01_02
11:43:03        0      2659    0.00    1.20    0.00    0.00    1.20    21  kiblnd_sd_01_03
11:43:03        0      2660    0.00    0.60    0.00    0.00    0.60    34  kiblnd_sd_02_00
11:43:03        0      2661    0.00    0.40    0.00    0.00    0.40    24  kiblnd_sd_02_01
11:43:03        0      2662    0.00    0.40    0.00    0.00    0.40    34  kiblnd_sd_02_02
11:43:03        0      2663    0.00    0.20    0.00    0.00    0.20    33  kiblnd_sd_02_03
11:43:03        0      2678    0.00    0.20    0.00    0.00    0.20    10  ptlrpcd_00_07
11:43:03        0      2679    0.00    0.20    0.00    0.00    0.20    10  ptlrpcd_00_08
11:43:03        0      2680    0.00    0.20    0.00    0.00    0.20     6  ptlrpcd_00_09
11:43:03        0      2681    0.00    0.20    0.00    0.00    0.20     8  ptlrpcd_00_10
11:43:03        0      2682    0.00    0.20    0.00    0.00    0.20     6  ptlrpcd_00_11
11:43:03        0      2697    0.00    0.20    0.00    0.00    0.20    26  ptlrpcd_02_02
11:43:03        0      2698    0.00    0.20    0.00    0.00    0.20    35  ptlrpcd_02_03
11:43:03        0      2703    0.00    0.20    0.00    0.00    0.20    31  ptlrpcd_02_08
11:43:03        0      2707    0.00    0.20    0.00    0.00    0.20    39  ptlrpcd_03_00
11:43:03        0      2708    0.00    0.20    0.00    0.00    0.20    41  ptlrpcd_03_01
11:43:03        0      2709    0.00    0.20    0.00    0.00    0.20    39  ptlrpcd_03_02
11:43:03        0      2710    0.00    0.20    0.00    0.00    0.20    47  ptlrpcd_03_03
11:43:03        0      2711    0.00    0.20    0.00    0.00    0.20    45  ptlrpcd_03_04
11:43:03        0      2712    0.00    0.20    0.00    0.00    0.20    36  ptlrpcd_03_05
11:43:03        0      2714    0.00    0.20    0.00    0.00    0.20    39  ptlrpcd_03_07
11:43:03        0      2718    0.00    0.20    0.00    0.00    0.20    40  ptlrpcd_03_11
11:43:03        0     10845    0.00    0.20    0.00    0.00    0.20    30  ldlm_bl_04
11:43:03        0     10848    0.00    0.20    0.00    0.00    0.20     7  ldlm_bl_07
11:43:03        0     10851    0.00    0.20    0.00    0.00    0.20    45  ldlm_bl_10
11:43:03        0     12872    0.00    0.20    0.00    0.00    0.20     8  ldlm_bl_13
11:43:03        0     12874    0.00    0.20    0.00    0.00    0.20     2  ldlm_bl_15
11:43:03        0     12877    0.00    0.20    0.00    0.00    0.20    43  ldlm_bl_18
11:43:03        0     12878    0.00    0.20    0.00    0.00    0.20    43  ldlm_bl_19
11:43:03        0     12879    0.00    0.20    0.00    0.00    0.20    14  ldlm_bl_20
11:43:03    30910    121285    0.60    1.00    0.00    0.00    1.60    15  pidstat
11:43:03    30910    121579    0.40    1.20    0.00    0.00    1.60    24  pidstat
11:43:03    30910    122103    0.20    1.40    0.00    0.00    1.60    15  pidstat
11:43:03    30910    123489    0.80    0.80    0.00    0.00    1.60     3  pidstat
11:43:03    30910    123490   20.80   12.60    0.00    0.00   33.40    42  python
11:43:03    30910    123492  214.80    3.80    0.00    0.00  218.60     4  java

11:42:58      UID       PID  minflt/s  majflt/s     VSZ     RSS   %MEM  Command
11:43:03        0      1424      8.80      0.00  728064   28736   0.09  node_exporter
11:43:03    30910    123490    167.80      0.00  239488   74496   0.23  python
11:43:03    30910    123492    245.40      0.00 14004736  576064   1.75  java

11:43:03      UID       PID    %usr %system  %guest   %wait    %CPU   CPU  Command
11:43:08        0      1450    0.20    0.00    0.00    0.00    0.20     1  NetworkManager
11:43:08        0      2654    0.00    0.20    0.00    0.00    0.20     7  kiblnd_sd_00_02
11:43:08        0      2655    0.00    0.20    0.00    0.00    0.20    10  kiblnd_sd_00_03
11:43:08        0      2656    0.00    0.20    0.00    0.00    0.20    20  kiblnd_sd_01_00
11:43:08        0      2657    0.00    0.20    0.00    0.00    0.20    23  kiblnd_sd_01_01
11:43:08        0      2658    0.00    0.20    0.00    0.00    0.20    21  kiblnd_sd_01_02
11:43:08        0      2659    0.00    0.20    0.00    0.00    0.20    22  kiblnd_sd_01_03
11:43:08        0      2662    0.00    0.20    0.00    0.00    0.20    34  kiblnd_sd_02_02
11:43:08        0      2663    0.00    0.20    0.00    0.00    0.20    31  kiblnd_sd_02_03
11:43:08        0      2687    0.00    0.20    0.00    0.00    0.20    18  ptlrpcd_01_04
11:43:08        0      2694    0.00    0.20    0.00    0.00    0.20    20  ptlrpcd_01_11
11:43:08        0      2713    0.00    0.20    0.00    0.00    0.20    47  ptlrpcd_03_06
11:43:08        0      2715    0.00    0.20    0.00    0.00    0.20    39  ptlrpcd_03_08
11:43:08        0      2740    0.00    0.20    0.00    0.00    0.20    17  ldlm_bl_02
11:43:08        0      4018    0.00    0.20    0.00    0.00    0.20     9  ldlm_bl_03
11:43:08        0     12885    0.00    0.20    0.00    0.00    0.20    10  ldlm_bl_26
11:43:08    30910    121285    0.60    1.20    0.00    0.00    1.80    15  pidstat
11:43:08    30910    121579    0.20    1.60    0.00    0.00    1.80    24  pidstat
11:43:08    30910    122103    0.00    1.80    0.00    0.00    1.80    15  pidstat
11:43:08    30910    123489    0.00    1.60    0.00    0.00    1.60     3  pidstat
11:43:08    30910    123490    2.20    0.60    0.00    0.00    2.79    42  python
11:43:08    30910    123492  319.76   12.57    0.00    0.00  332.34     4  java
11:43:08    30910    123814   47.31    5.39    0.00    0.00   52.69    26  python

11:43:03      UID       PID  minflt/s  majflt/s     VSZ     RSS   %MEM  Command
11:43:08    30910    123490      1.00      0.00  239488   74496   0.23  python
11:43:08    30910    123492    374.45      0.00 18878976  640768   1.95  java
11:43:08    30910    123814    176.85      0.00   57088   48320   0.15  python

11:43:08      UID       PID    %usr %system  %guest   %wait    %CPU   CPU  Command
11:43:13        0        11    0.00    0.20    0.00    0.00    0.20    25  rcu_sched
11:43:13        0       314    0.20    0.00    0.00    0.00    0.20    15  kworker/15:1-mm_percpu_wq
11:43:13        0      1069    0.00    0.20    0.00    0.00    0.20    43  kworker/u100:1-flush-259:0
11:43:13        0      1441    0.20    0.00    0.00    0.00    0.20    12  cgroups_exporte
11:43:13        0      1450    0.40    0.20    0.00    0.00    0.60     0  NetworkManager
11:43:13      201      1723    0.20    0.00    0.00    0.00    0.20    29  telegraf
11:43:13        0      2652    0.00    1.00    0.00    0.40    1.00     1  kiblnd_sd_00_00
11:43:13        0      2653    0.00    1.00    0.00    0.20    1.00     9  kiblnd_sd_00_01
11:43:13        0      2654    0.00    0.80    0.00    0.20    0.80     7  kiblnd_sd_00_02
11:43:13        0      2655    0.00    0.80    0.00    0.40    0.80     0  kiblnd_sd_00_03
11:43:13        0      2656    0.00    0.80    0.00    0.20    0.80    20  kiblnd_sd_01_00
11:43:13        0      2657    0.00    0.80    0.00    0.20    0.80    21  kiblnd_sd_01_01
11:43:13        0      2658    0.00    0.80    0.00    0.00    0.80    21  kiblnd_sd_01_02
11:43:13        0      2659    0.00    0.80    0.00    0.20    0.80    14  kiblnd_sd_01_03
11:43:13        0      2660    0.00    0.20    0.00    0.00    0.20    25  kiblnd_sd_02_00
11:43:13        0      2661    0.00    0.20    0.00    0.00    0.20    32  kiblnd_sd_02_01
11:43:13        0      2662    0.00    0.20    0.00    0.00    0.20    28  kiblnd_sd_02_02
11:43:13        0      2663    0.00    0.20    0.00    0.00    0.20    24  kiblnd_sd_02_03
11:43:13        0      2671    0.00    0.20    0.00    0.00    0.20     9  ptlrpcd_00_00
11:43:13        0      2672    0.00    0.20    0.00    0.00    0.20    10  ptlrpcd_00_01
11:43:13        0      2674    0.00    0.20    0.00    0.00    0.20     2  ptlrpcd_00_03
11:43:13        0      2675    0.00    0.20    0.00    0.00    0.20     1  ptlrpcd_00_04
11:43:13        0      2676    0.00    0.20    0.00    0.00    0.20     0  ptlrpcd_00_05
11:43:13        0      2677    0.00    0.20    0.00    0.00    0.20    11  ptlrpcd_00_06
11:43:13        0      2683    0.00    0.20    0.00    0.00    0.20    17  ptlrpcd_01_00
11:43:13        0      2685    0.00    0.20    0.00    0.00    0.20    14  ptlrpcd_01_02
11:43:13        0      2689    0.00    0.20    0.00    0.00    0.20    14  ptlrpcd_01_06
11:43:13        0      2690    0.00    0.20    0.00    0.00    0.20    20  ptlrpcd_01_07
11:43:13        0      2695    0.00    0.20    0.00    0.00    0.20    33  ptlrpcd_02_00
11:43:13        0      2696    0.00    0.20    0.00    0.00    0.20    33  ptlrpcd_02_01
11:43:13        0      2699    0.00    0.20    0.00    0.00    0.20    29  ptlrpcd_02_04
11:43:13        0      2701    0.00    0.20    0.00    0.00    0.20    30  ptlrpcd_02_06
11:43:13        0      2702    0.00    0.20    0.00    0.00    0.20    35  ptlrpcd_02_07
11:43:13        0      2704    0.00    0.20    0.00    0.00    0.20    30  ptlrpcd_02_09
11:43:13        0      2705    0.00    0.20    0.00    0.00    0.20    33  ptlrpcd_02_10
11:43:13        0      2707    0.00    0.20    0.00    0.00    0.20    46  ptlrpcd_03_00
11:43:13        0      2710    0.00    0.20    0.00    0.00    0.20    36  ptlrpcd_03_03
11:43:13        0      2711    0.00    0.20    0.00    0.00    0.20    46  ptlrpcd_03_04
11:43:13        0      2716    0.00    0.20    0.00    0.00    0.20    39  ptlrpcd_03_09
11:43:13        0      2717    0.00    0.20    0.00    0.00    0.20    46  ptlrpcd_03_10
11:43:13        0      2718    0.00    0.20    0.00    0.00    0.20    36  ptlrpcd_03_11
11:43:13        0      2739    0.00    0.20    0.00    0.00    0.20    36  ldlm_bl_01
11:43:13        0     10846    0.00    0.20    0.00    0.00    0.20    34  ldlm_bl_05
11:43:13        0     10847    0.00    0.20    0.00    0.00    0.20    14  ldlm_bl_06
11:43:13        0     10849    0.00    0.20    0.00    0.00    0.20    13  ldlm_bl_08
11:43:13        0     10850    0.00    0.20    0.00    0.00    0.20    14  ldlm_bl_09
11:43:13        0     12870    0.00    0.20    0.00    0.00    0.20    39  ldlm_bl_11
11:43:13        0     12871    0.00    0.20    0.00    0.00    0.20    14  ldlm_bl_12
11:43:13        0     12873    0.00    0.20    0.00    0.00    0.20    35  ldlm_bl_14
11:43:13        0     12875    0.00    0.20    0.00    0.00    0.20    30  ldlm_bl_16
11:43:13        0     12876    0.00    0.20    0.00    0.00    0.20    13  ldlm_bl_17
11:43:13        0     12880    0.00    0.20    0.00    0.00    0.20    44  ldlm_bl_21
11:43:13        0     12881    0.00    0.20    0.00    0.00    0.20    34  ldlm_bl_22
11:43:13        0     12882    0.00    0.20    0.00    0.00    0.20    23  ldlm_bl_23
11:43:13        0     12883    0.00    0.20    0.00    0.00    0.20    17  ldlm_bl_24
11:43:13        0     12884    0.00    0.20    0.00    0.00    0.20    21  ldlm_bl_25
11:43:13        0     12886    0.00    0.20    0.00    0.00    0.20    36  ldlm_bl_27
11:43:13        0     12887    0.00    0.20    0.00    0.00    0.20    46  ldlm_bl_28
11:43:13        0     46140    0.20    0.00    0.00    0.00    0.20    16  kworker/16:0-mm_percpu_wq
11:43:13        0     55152    0.00    0.20    0.00    0.00    0.20     7  kworker/7:0-events
11:43:13    30910    121285    1.00    0.80    0.00    0.00    1.80    15  pidstat
11:43:13    30910    121579    0.40    1.60    0.00    0.20    2.00    46  pidstat
11:43:13    30910    122103    0.20    1.60    0.00    0.00    1.80    15  pidstat
11:43:13    30910    123489    0.80    1.00    0.00    0.00    1.80     3  pidstat
11:43:13    30910    123492 1646.80   79.40    0.00    0.00 1726.20     4  java
11:43:13    30910    123814   10.60    2.00    0.00    0.00   12.60    44  python
11:43:13    30910    123817   12.00    0.40    0.00    0.20   12.40    28  python
11:43:13    30910    123818   12.20    0.40    0.00    0.00   12.60    41  python
11:43:13    30910    123821   11.40    0.80    0.00    0.00   12.20    26  python
11:43:13    30910    123823   12.20    0.40    0.00    0.20   12.60     6  python
11:43:13    30910    123825   12.00    0.60    0.00    0.40   12.60    47  python
11:43:13    30910    123826   12.00    0.60    0.00    0.80   12.60    45  python
11:43:13    30910    123829   11.40    1.40    0.00    0.00   12.80    33  python
11:43:13    30910    123831   11.20    1.40    0.00    0.60   12.60     9  python
11:43:13    30910    123833   11.20    1.20    0.00    0.20   12.40     0  python
11:43:13    30910    123835   11.60    1.20    0.00    0.00   12.80    35  python
11:43:13    30910    123837   11.80    1.00    0.00    0.40   12.80    18  python
11:43:13    30910    123839   11.20    1.20    0.00    0.00   12.40     1  python
11:43:13    30910    123842   12.40    0.40    0.00    0.60   12.80    14  python
11:43:13    30910    123844   12.60    0.40    0.00    0.00   13.00    10  python
11:43:13    30910    123846   11.80    0.60    0.00    0.40   12.40     5  python
11:43:13    30910    123848   11.80    0.80    0.00    0.20   12.60     8  python
11:43:13    30910    123850   11.80    0.60    0.00    0.20   12.40    27  python
11:43:13    30910    123852   11.80    0.60    0.00    0.40   12.40     4  python
11:43:13    30910    123854   12.20    0.60    0.00    0.40   12.80    30  python
11:43:13    30910    123856   11.60    1.00    0.00    0.20   12.60    22  python
11:43:13    30910    123858   11.40    1.00    0.00    0.00   12.40    37  python
11:43:13    30910    123860   12.20    0.00    0.00    0.00   12.20    40  python
11:43:13    30910    123862   11.60    0.80    0.00    0.20   12.40    18  python
11:43:13    30910    123864   11.60    0.60    0.00    0.00   12.20    41  python
11:43:13    30910    123866   12.20    1.00    0.00    0.40   13.20    20  python
11:43:13    30910    123868   12.60    0.40    0.00    0.00   13.00     6  python
11:43:13    30910    123870   11.80    0.80    0.00    0.00   12.60    19  python
11:43:13    30910    123872   11.80    1.00    0.00    2.60   12.80    10  python
11:43:13    30910    123874   12.20    1.00    0.00    0.40   13.20     7  python
11:43:13    30910    123876   11.80    0.80    0.00    0.00   12.60    21  python
11:43:13    30910    123878   12.40    0.40    0.00    0.40   12.80    46  python
11:43:13    30910    123880   12.00    0.40    0.00    0.20   12.40    13  python
11:43:13    30910    123882   12.20    0.60    0.00    0.00   12.80    32  python
11:43:13    30910    123884   12.00    0.80    0.00    0.40   12.80    11  python
11:43:13    30910    123886   12.20    0.80    0.00    0.60   13.00    18  python
11:43:13    30910    123888   11.80    0.80    0.00    0.00   12.60    23  python
11:43:13    30910    123890   11.80    1.00    0.00    0.60   12.80    45  python
11:43:13    30910    123892   11.60    0.60    0.00    0.00   12.20     2  python
11:43:13    30910    123894   12.40    0.20    0.00    0.40   12.60    21  python
11:43:13    30910    123896   11.80    0.80    0.00    0.00   12.60    41  python
11:43:13    30910    123899   12.00    0.60    0.00    0.00   12.60    22  python
11:43:13    30910    123901   11.80    0.80    0.00    0.20   12.60    16  python
11:43:13    30910    123903   11.80    0.80    0.00    1.00   12.60     1  python
11:43:13    30910    123905   12.00    0.40    0.00    0.20   12.40    15  python
11:43:13    30910    123907   12.00    0.60    0.00    0.00   12.60    12  python
11:43:13    30910    123909   12.20    0.40    0.00    0.80   12.60    22  python
11:43:13    30910    123911   11.60    1.20    0.00    2.20   12.80    46  python
11:43:13    30910    123913   12.00    0.40    0.00    0.20   12.40    19  python

11:43:08      UID       PID  minflt/s  majflt/s     VSZ     RSS   %MEM  Command
11:43:13    30910    123492   3050.80      0.00 22878400 1382144   4.20  java
11:43:13    30910    123814    579.60      0.00   58112   54080   0.16  python
11:43:13    30910    123817    255.80      0.00   66496   58816   0.18  python
11:43:13    30910    123818    255.80      0.00   66496   58816   0.18  python
11:43:13    30910    123821    255.80      0.00   66496   58816   0.18  python
11:43:13    30910    123823    255.80      0.00   66496   58816   0.18  python
11:43:13    30910    123825    255.80      0.00   66496   58816   0.18  python
11:43:13    30910    123826    255.80      0.00   66496   58816   0.18  python
11:43:13    30910    123829    255.80      0.00   66496   58816   0.18  python
11:43:13    30910    123831    256.00      0.00   66496   58816   0.18  python
11:43:13    30910    123833    255.60      0.00   66496   58816   0.18  python
11:43:13    30910    123835    255.80      0.00   66496   58816   0.18  python
11:43:13    30910    123837    255.80      0.00   66496   58816   0.18  python
11:43:13    30910    123839    255.80      0.00   66496   58816   0.18  python
11:43:13    30910    123842    255.80      0.00   66496   58816   0.18  python
11:43:13    30910    123844    255.80      0.00   66496   58816   0.18  python
11:43:13    30910    123846    255.80      0.00   66496   58816   0.18  python
11:43:13    30910    123848    256.00      0.00   66496   58880   0.18  python
11:43:13    30910    123850    255.80      0.00   66496   58816   0.18  python
11:43:13    30910    123852    256.00      0.00   66496   58816   0.18  python
11:43:13    30910    123854    255.60      0.00   66496   58816   0.18  python
11:43:13    30910    123856    255.80      0.00   66496   58816   0.18  python
11:43:13    30910    123858    255.80      0.00   66496   58816   0.18  python
11:43:13    30910    123860    256.00      0.00   66496   58880   0.18  python
11:43:13    30910    123862    255.80      0.00   66496   58816   0.18  python
11:43:13    30910    123864    255.80      0.00   66496   58816   0.18  python
11:43:13    30910    123866    255.80      0.00   66496   58816   0.18  python
11:43:13    30910    123868    255.80      0.00   66496   58816   0.18  python
11:43:13    30910    123870    255.80      0.00   66496   58816   0.18  python
11:43:13    30910    123872    256.00      0.00   66496   58816   0.18  python
11:43:13    30910    123874    255.80      0.00   66496   58880   0.18  python
11:43:13    30910    123876    255.80      0.00   66496   58816   0.18  python
11:43:13    30910    123878    255.80      0.00   66496   58816   0.18  python
11:43:13    30910    123880    255.80      0.00   66496   58816   0.18  python
11:43:13    30910    123882    255.80      0.00   66496   58816   0.18  python
11:43:13    30910    123884    255.80      0.00   66496   58816   0.18  python
11:43:13    30910    123886    255.80      0.00   66496   58816   0.18  python
11:43:13    30910    123888    255.80      0.00   66496   58816   0.18  python
11:43:13    30910    123890    255.80      0.00   66496   58816   0.18  python
11:43:13    30910    123892    256.00      0.00   66496   58816   0.18  python
11:43:13    30910    123894    255.60      0.00   66496   58816   0.18  python
11:43:13    30910    123896    255.80      0.00   66496   58816   0.18  python
11:43:13    30910    123899    255.80      0.00   66496   58816   0.18  python
11:43:13    30910    123901    255.80      0.00   66496   58816   0.18  python
11:43:13    30910    123903    255.80      0.00   66496   58816   0.18  python
11:43:13    30910    123905    255.80      0.00   66496   58816   0.18  python
11:43:13    30910    123907    255.80      0.00   66496   58816   0.18  python
11:43:13    30910    123909    255.80      0.00   66496   58816   0.18  python
11:43:13    30910    123911    255.80      0.00   66496   58816   0.18  python
11:43:13    30910    123913    256.00      0.00   66496   58816   0.18  python

11:43:13      UID       PID    %usr %system  %guest   %wait    %CPU   CPU  Command
11:43:18        0        31    0.00    0.20    0.00    0.00    0.20     3  ksoftirqd/3
11:43:18        0      1424    4.00    0.20    0.00    0.20    4.20     2  node_exporter
11:43:18        0      1450    0.40    0.00    0.00    0.00    0.40     1  NetworkManager
11:43:18      901      1742    0.00    0.20    0.00    0.00    0.20    38  icinga2
11:43:18        0      2673    0.00    0.20    0.00    0.00    0.20     2  ptlrpcd_00_02
11:43:18      901     70391    0.20    0.00    0.00    0.00    0.20    15  icinga2
11:43:18        0    114592    0.00    0.20    0.00    0.00    0.20    15  kworker/u96:1-mlx5_cmd_0000:05:00.0
11:43:18        0    116624    0.00    0.20    0.00    0.00    0.20    31  slurmstepd
11:43:18    30910    121285    0.20    1.60    0.00    0.00    1.80    15  pidstat
11:43:18    30910    121579    0.80    1.00    0.00    0.00    1.80    47  pidstat
11:43:18    30910    122103    0.80    1.00    0.00    0.00    1.80    15  pidstat
11:43:18    30910    123489    0.00    1.80    0.00    0.00    1.80     3  pidstat
11:43:18    30910    123490    3.60    0.40    0.00    0.00    4.00    42  python
11:43:18    30910    123492 1689.00  116.60    0.00    0.00 1805.60     4  java

11:43:13      UID       PID  minflt/s  majflt/s     VSZ     RSS   %MEM  Command
11:43:18        0      1424     10.00      0.00  728064   26944   0.08  node_exporter
11:43:18    30910    123490      3.80      0.00  239488   75008   0.23  python
11:43:18    30910    123492   1432.20      0.00 22950080 1592704   4.84  java
