Linux 4.18.0-348.23.1.el8_5.aarch64 (cna0146.deucalion.macc.fccn.pt) 	16/03/26 	_aarch64_	(48 CPU)

11:48:51      UID       PID    %usr %system  %guest   %wait    %CPU   CPU  Command
11:48:56        0       331    0.00    0.20    0.00    0.00    0.20    32  kworker/32:1-events
11:48:56      201      1723    0.20    0.00    0.00    0.00    0.20    29  telegraf
11:48:56        0      2653    0.00    0.20    0.00    0.00    0.20     3  kiblnd_sd_00_01
11:48:56        0      2654    0.00    0.20    0.00    0.00    0.20    10  kiblnd_sd_00_02
11:48:56        0      2655    0.00    0.20    0.00    0.00    0.20    11  kiblnd_sd_00_03
11:48:56        0      2656    0.00    3.54    0.00    0.00    3.54    13  kiblnd_sd_01_00
11:48:56        0      2657    0.00    3.54    0.00    0.00    3.54    22  kiblnd_sd_01_01
11:48:56        0      2658    0.00    3.35    0.00    0.00    3.35    20  kiblnd_sd_01_02
11:48:56        0      2659    0.00    3.54    0.00    0.00    3.54    23  kiblnd_sd_01_03
11:48:56        0      2660    0.00    0.20    0.00    0.00    0.20    24  kiblnd_sd_02_00
11:48:56        0      2661    0.00    0.20    0.00    0.00    0.20    35  kiblnd_sd_02_01
11:48:56        0      2662    0.00    0.20    0.00    0.00    0.20    26  kiblnd_sd_02_02
11:48:56        0      2663    0.00    0.39    0.00    0.00    0.39    25  kiblnd_sd_02_03
11:48:56        0      2671    0.00    0.20    0.00    0.00    0.20     2  ptlrpcd_00_00
11:48:56        0      2675    0.00    0.20    0.00    0.00    0.20    11  ptlrpcd_00_04
11:48:56        0      2676    0.00    0.20    0.00    0.00    0.20     8  ptlrpcd_00_05
11:48:56        0      2677    0.00    0.20    0.00    0.00    0.20    10  ptlrpcd_00_06
11:48:56        0      2684    0.00    0.20    0.00    0.00    0.20    12  ptlrpcd_01_01
11:48:56        0      2685    0.00    0.20    0.00    0.00    0.20    14  ptlrpcd_01_02
11:48:56        0      2689    0.00    0.20    0.00    0.00    0.20    18  ptlrpcd_01_06
11:48:56        0      2690    0.00    0.20    0.00    0.00    0.20    19  ptlrpcd_01_07
11:48:56        0      2691    0.00    0.20    0.00    0.00    0.20    18  ptlrpcd_01_08
11:48:56        0      2692    0.00    0.20    0.00    0.00    0.20    19  ptlrpcd_01_09
11:48:56        0      2693    0.00    0.20    0.00    0.00    0.20    18  ptlrpcd_01_10
11:48:56        0      2695    0.00    0.20    0.00    0.00    0.20    25  ptlrpcd_02_00
11:48:56        0      2696    0.00    0.20    0.00    0.00    0.20    31  ptlrpcd_02_01
11:48:56        0      2697    0.00    0.20    0.00    0.00    0.20    27  ptlrpcd_02_02
11:48:56        0      2698    0.00    0.20    0.00    0.00    0.20    33  ptlrpcd_02_03
11:48:56        0      2699    0.00    0.20    0.00    0.00    0.20    27  ptlrpcd_02_04
11:48:56        0      2700    0.00    0.20    0.00    0.00    0.20    25  ptlrpcd_02_05
11:48:56        0      2703    0.00    0.20    0.00    0.00    0.20    31  ptlrpcd_02_08
11:48:56        0      2704    0.00    0.20    0.00    0.00    0.20    27  ptlrpcd_02_09
11:48:56        0      2705    0.00    0.20    0.00    0.00    0.20    27  ptlrpcd_02_10
11:48:56        0      2706    0.00    0.20    0.00    0.00    0.20    33  ptlrpcd_02_11
11:48:56        0      2707    0.00    0.20    0.00    0.00    0.20    46  ptlrpcd_03_00
11:48:56        0      2708    0.00    0.39    0.00    0.00    0.39    41  ptlrpcd_03_01
11:48:56        0      2709    0.00    0.39    0.00    0.00    0.39    47  ptlrpcd_03_02
11:48:56        0      2710    0.00    0.39    0.00    0.00    0.39    42  ptlrpcd_03_03
11:48:56        0      2711    0.00    0.39    0.00    0.00    0.39    42  ptlrpcd_03_04
11:48:56        0      2712    0.00    0.39    0.00    0.00    0.39    44  ptlrpcd_03_05
11:48:56        0      2713    0.00    0.39    0.00    0.00    0.39    41  ptlrpcd_03_06
11:48:56        0      2714    0.00    0.39    0.00    0.00    0.39    44  ptlrpcd_03_07
11:48:56        0      2715    0.00    0.39    0.00    0.00    0.39    45  ptlrpcd_03_08
11:48:56        0      2716    0.00    0.20    0.00    0.00    0.20    47  ptlrpcd_03_09
11:48:56        0      2717    0.00    0.20    0.00    0.00    0.20    46  ptlrpcd_03_10
11:48:56        0      2718    0.00    0.39    0.00    0.00    0.39    38  ptlrpcd_03_11
11:48:56        0      2739    0.00    0.20    0.00    0.00    0.20    43  ldlm_bl_01
11:48:56        0      2740    0.00    0.20    0.00    0.00    0.20    45  ldlm_bl_02
11:48:56        0      4018    0.00    0.20    0.00    0.00    0.20     9  ldlm_bl_03
11:48:56        0     10845    0.00    0.39    0.00    0.00    0.39    36  ldlm_bl_04
11:48:56        0     10846    0.00    0.20    0.00    0.00    0.20    31  ldlm_bl_05
11:48:56        0     10847    0.00    0.20    0.00    0.00    0.20    38  ldlm_bl_06
11:48:56        0     10848    0.00    0.20    0.00    0.00    0.20    24  ldlm_bl_07
11:48:56        0     10849    0.00    0.20    0.00    0.00    0.20    33  ldlm_bl_08
11:48:56        0     10850    0.00    0.20    0.00    0.00    0.20    45  ldlm_bl_09
11:48:56        0     10851    0.00    0.20    0.00    0.00    0.20    23  ldlm_bl_10
11:48:56        0     12870    0.00    0.20    0.00    0.00    0.20    35  ldlm_bl_11
11:48:56        0     12871    0.00    0.20    0.00    0.00    0.20    12  ldlm_bl_12
11:48:56        0     12872    0.00    0.20    0.00    0.00    0.20    38  ldlm_bl_13
11:48:56        0     12873    0.00    0.20    0.00    0.00    0.20    37  ldlm_bl_14
11:48:56        0     12874    0.00    0.20    0.00    0.00    0.20     9  ldlm_bl_15
11:48:56        0     12875    0.00    0.20    0.00    0.00    0.20    35  ldlm_bl_16
11:48:56        0     12876    0.00    0.20    0.00    0.00    0.20    17  ldlm_bl_17
11:48:56        0     12877    0.00    0.20    0.00    0.00    0.20    38  ldlm_bl_18
11:48:56        0     12878    0.00    0.20    0.00    0.00    0.20    13  ldlm_bl_19
11:48:56        0     12879    0.00    0.20    0.00    0.00    0.20    20  ldlm_bl_20
11:48:56        0     12880    0.00    0.20    0.00    0.00    0.20    38  ldlm_bl_21
11:48:56        0     12881    0.00    0.20    0.00    0.00    0.20    36  ldlm_bl_22
11:48:56        0     12882    0.00    0.20    0.00    0.00    0.20     9  ldlm_bl_23
11:48:56        0     12883    0.00    0.20    0.00    0.00    0.20    33  ldlm_bl_24
11:48:56        0     12884    0.00    0.20    0.00    0.00    0.20    39  ldlm_bl_25
11:48:56        0     12885    0.00    0.20    0.00    0.00    0.20    42  ldlm_bl_26
11:48:56        0     12886    0.00    0.20    0.00    0.00    0.20    26  ldlm_bl_27
11:48:56        0     12887    0.00    0.20    0.00    0.00    0.20    40  ldlm_bl_28
11:48:56        0    114592    0.00    0.20    0.00    0.00    0.20    36  kworker/u96:1-ipoib_wq
11:48:56    30910    121285    0.79    0.98    0.00    0.00    1.77    15  pidstat
11:48:56    30910    121579    0.59    0.98    0.00    0.00    1.57    47  pidstat
11:48:56    30910    122103    0.59    0.98    0.00    0.00    1.57    16  pidstat
11:48:56    30910    124653    0.20    1.38    0.00    0.00    1.57     4  pidstat
11:48:56    30910    124654    7.87    5.31    0.00    0.00   13.19     8  python
11:48:56    30910    124655  114.57   18.50    0.00    0.00  133.07    24  java

11:48:51      UID       PID  minflt/s  majflt/s     VSZ     RSS   %MEM  Command
11:48:56        0      1642      0.79      0.00  116928   51520   0.16  sssd_nss
11:48:56    30910    124653     40.55      0.00   23232   17792   0.05  pidstat
11:48:56    30910    124654    101.97      0.00   45504   37312   0.11  python
11:48:56    30910    124655    659.25      0.00 4981120  134912   0.41  java

11:48:56      UID       PID    %usr %system  %guest   %wait    %CPU   CPU  Command
11:49:01        0        11    0.00    0.20    0.00    0.00    0.20     3  rcu_sched
11:49:01        0      1450    0.20    0.00    0.00    0.00    0.20     0  NetworkManager
11:49:01      201      1723    1.00    0.20    0.00    0.00    1.20    29  telegraf
11:49:01        0      2657    0.00    0.20    0.00    0.00    0.20    22  kiblnd_sd_01_01
11:49:01        0      2701    0.00    0.20    0.00    0.00    0.20    27  ptlrpcd_02_06
11:49:01        0      2702    0.00    0.20    0.00    0.00    0.20    26  ptlrpcd_02_07
11:49:01        0      2717    0.00    0.20    0.00    0.00    0.20    46  ptlrpcd_03_10
11:49:01      901     70391    0.00    0.20    0.00    0.00    0.20    23  icinga2
11:49:01    30910    121285    0.40    1.00    0.00    0.00    1.40    15  pidstat
11:49:01    30910    121579    0.20    1.40    0.00    0.00    1.60    47  pidstat
11:49:01    30910    122103    1.00    0.80    0.00    0.00    1.80    16  pidstat
11:49:01    30910    124653    0.40    1.00    0.00    0.00    1.40     4  pidstat
11:49:01    30910    124654    1.00    0.40    0.00    0.00    1.40     8  python
11:49:01    30910    124655  271.00   10.20    0.00    0.00  281.20    24  java

11:48:56      UID       PID  minflt/s  majflt/s     VSZ     RSS   %MEM  Command
11:49:01    30910    124653      2.60      0.00   23232   22016   0.07  pidstat
11:49:01    30910    124654     42.40      0.00  120384   37952   0.12  python
11:49:01    30910    124655    683.20      0.00 12510336  268608   0.82  java

11:49:01      UID       PID    %usr %system  %guest   %wait    %CPU   CPU  Command
11:49:06        0        11    0.00    0.20    0.00    0.00    0.20    16  rcu_sched
11:49:06        0      1424    4.00    2.40    0.00    0.00    6.40    26  node_exporter
11:49:06        0      1450    0.00    0.20    0.00    0.00    0.20     0  NetworkManager
11:49:06      201      1723    0.20    0.20    0.00    0.00    0.40    29  telegraf
11:49:06        0      2707    0.00    0.20    0.00    0.00    0.20    46  ptlrpcd_03_00
11:49:06        0     10851    0.00    0.20    0.00    0.00    0.20    23  ldlm_bl_10
11:49:06        0    116624    0.00    0.20    0.00    0.00    0.20    31  slurmstepd
11:49:06    30910    121285    0.60    1.20    0.00    0.00    1.80    15  pidstat
11:49:06    30910    121579    0.20    1.60    0.00    0.00    1.80    47  pidstat
11:49:06    30910    122103    0.40    1.20    0.00    0.00    1.60    16  pidstat
11:49:06        0    124107    0.20    0.00    0.00    0.00    0.20    11  kworker/u97:4-flush-lustre-ffff807f8c
11:49:06    30910    124653    0.60    1.40    0.00    0.00    2.00     4  pidstat
11:49:06    30910    124654    0.20    0.20    0.00    0.00    0.40     8  python
11:49:06    30910    124655  235.80    7.00    0.00    0.00  242.80    24  java

11:49:01      UID       PID  minflt/s  majflt/s     VSZ     RSS   %MEM  Command
11:49:06        0      1424      6.60      0.00  728064   30080   0.09  node_exporter
11:49:06    30910    124654      5.80      0.00  194880   38592   0.12  python
11:49:06    30910    124655    215.40      0.00 13416576  324160   0.98  java

11:49:06      UID       PID    %usr %system  %guest   %wait    %CPU   CPU  Command
11:49:11        0      1274    0.00    0.20    0.00    0.00    0.20    36  kworker/36:1H-kblockd
11:49:11        0      1441    0.20    0.00    0.00    0.00    0.20    12  cgroups_exporte
11:49:11        0      1450    0.00    0.20    0.00    0.00    0.20     0  NetworkManager
11:49:11        0      2656    0.00    0.20    0.00    0.00    0.20    13  kiblnd_sd_01_00
11:49:11        0      2658    0.00    0.20    0.00    0.00    0.20    20  kiblnd_sd_01_02
11:49:11        0      2659    0.00    0.20    0.00    0.00    0.20    23  kiblnd_sd_01_03
11:49:11        0      2672    0.00    0.20    0.00    0.00    0.20     1  ptlrpcd_00_01
11:49:11        0      2674    0.00    0.20    0.00    0.00    0.20     1  ptlrpcd_00_03
11:49:11        0      2716    0.00    0.20    0.00    0.00    0.20    47  ptlrpcd_03_09
11:49:11    30910    121285    0.60    1.00    0.00    0.00    1.60    15  pidstat
11:49:11    30910    121579    0.40    1.20    0.00    0.00    1.60    47  pidstat
11:49:11    30910    122103    0.40    1.20    0.00    0.00    1.60    16  pidstat
11:49:11    30910    124653    0.00    1.60    0.00    0.00    1.60     4  pidstat
11:49:11    30910    124655  177.60    8.00    0.00    0.00  185.60    24  java

11:49:06      UID       PID  minflt/s  majflt/s     VSZ     RSS   %MEM  Command
11:49:11    30910    124654      1.00      0.00  194880   38592   0.12  python
11:49:11    30910    124655    463.40      0.00 13582464  466304   1.42  java

11:49:11      UID       PID    %usr %system  %guest   %wait    %CPU   CPU  Command
11:49:16        0        11    0.00    0.20    0.00    0.00    0.20    15  rcu_sched
11:49:16        0      1450    0.20    0.20    0.00    0.00    0.40     8  NetworkManager
11:49:16      995      1475    0.20    0.00    0.00    0.00    0.20     0  chronyd
11:49:16        0      2652    0.00    0.20    0.00    0.00    0.20    10  kiblnd_sd_00_00
11:49:16        0      2655    0.00    0.20    0.00    0.00    0.20    10  kiblnd_sd_00_03
11:49:16        0      2656    0.00    1.00    0.00    0.00    1.00    15  kiblnd_sd_01_00
11:49:16        0      2657    0.00    1.40    0.00    0.00    1.40    22  kiblnd_sd_01_01
11:49:16        0      2658    0.00    1.20    0.00    0.00    1.20    20  kiblnd_sd_01_02
11:49:16        0      2659    0.00    1.00    0.00    0.00    1.00    23  kiblnd_sd_01_03
11:49:16        0      2660    0.00    0.60    0.00    0.00    0.60    33  kiblnd_sd_02_00
11:49:16        0      2661    0.00    0.40    0.00    0.00    0.40    24  kiblnd_sd_02_01
11:49:16        0      2662    0.00    0.40    0.00    0.00    0.40    26  kiblnd_sd_02_02
11:49:16        0      2663    0.00    0.40    0.00    0.00    0.40    32  kiblnd_sd_02_03
11:49:16        0      2673    0.00    0.20    0.00    0.00    0.20     0  ptlrpcd_00_02
11:49:16        0      2679    0.00    0.20    0.00    0.00    0.20     3  ptlrpcd_00_08
11:49:16        0      2683    0.00    0.20    0.00    0.00    0.20    14  ptlrpcd_01_00
11:49:16        0      2686    0.00    0.20    0.00    0.00    0.20    16  ptlrpcd_01_03
11:49:16        0      2687    0.00    0.20    0.00    0.00    0.20    18  ptlrpcd_01_04
11:49:16        0      2688    0.00    0.20    0.00    0.00    0.20    15  ptlrpcd_01_05
11:49:16        0      2694    0.00    0.20    0.00    0.00    0.20    21  ptlrpcd_01_11
11:49:16        0      2696    0.00    0.20    0.00    0.00    0.20    31  ptlrpcd_02_01
11:49:16        0      2704    0.00    0.20    0.00    0.00    0.20    27  ptlrpcd_02_09
11:49:16        0      2705    0.00    0.20    0.00    0.00    0.20    27  ptlrpcd_02_10
11:49:16        0      2708    0.00    0.20    0.00    0.00    0.20    39  ptlrpcd_03_01
11:49:16        0      2709    0.00    0.20    0.00    0.00    0.20    38  ptlrpcd_03_02
11:49:16        0      2710    0.00    0.20    0.00    0.00    0.20    42  ptlrpcd_03_03
11:49:16        0      2711    0.00    0.20    0.00    0.00    0.20    42  ptlrpcd_03_04
11:49:16        0      2712    0.00    0.20    0.00    0.00    0.20    44  ptlrpcd_03_05
11:49:16        0      2714    0.00    0.20    0.00    0.00    0.20    44  ptlrpcd_03_07
11:49:16        0      2718    0.00    0.20    0.00    0.00    0.20    43  ptlrpcd_03_11
11:49:16        0      2740    0.00    0.20    0.00    0.00    0.20    45  ldlm_bl_02
11:49:16        0     10846    0.00    0.20    0.00    0.00    0.20    31  ldlm_bl_05
11:49:16        0     10847    0.00    0.20    0.00    0.00    0.20    39  ldlm_bl_06
11:49:16        0     10848    0.00    0.20    0.00    0.00    0.20    26  ldlm_bl_07
11:49:16        0     10850    0.00    0.20    0.00    0.00    0.20    45  ldlm_bl_09
11:49:16        0     12870    0.00    0.20    0.00    0.00    0.20    25  ldlm_bl_11
11:49:16        0     12871    0.00    0.20    0.00    0.00    0.20    13  ldlm_bl_12
11:49:16        0     12872    0.00    0.20    0.00    0.00    0.20     9  ldlm_bl_13
11:49:16        0     12877    0.00    0.20    0.00    0.00    0.20    40  ldlm_bl_18
11:49:16        0     12884    0.00    0.20    0.00    0.00    0.20    39  ldlm_bl_25
11:49:16        0     12885    0.00    0.20    0.00    0.00    0.20    42  ldlm_bl_26
11:49:16        0     12887    0.00    0.20    0.00    0.00    0.20    41  ldlm_bl_28
11:49:16    30910    121285    0.60    1.00    0.00    0.00    1.60    15  pidstat
11:49:16    30910    121579    0.60    1.20    0.00    0.00    1.80    47  pidstat
11:49:16    30910    122103    0.80    0.80    0.00    0.00    1.60    16  pidstat
11:49:16    30910    124653    0.40    1.20    0.00    0.00    1.60     4  pidstat
11:49:16    30910    124654   22.80   10.60    0.00    0.00   33.40     5  python
11:49:16    30910    124655  176.00    6.40    0.00    0.00  182.40    24  java

11:49:11      UID       PID  minflt/s  majflt/s     VSZ     RSS   %MEM  Command
11:49:16    30910    124654    168.80      0.00  235328   74304   0.23  python
11:49:16    30910    124655    426.40      0.00 14410240  577216   1.75  java

11:49:16      UID       PID    %usr %system  %guest   %wait    %CPU   CPU  Command
11:49:21        0      1424    4.60    2.40    0.00    0.00    7.00    26  node_exporter
11:49:21        0      1450    0.00    0.20    0.00    0.00    0.20     9  NetworkManager
11:49:21      201      1723    0.20    0.00    0.00    0.00    0.20    29  telegraf
11:49:21        0      2653    0.00    0.20    0.00    0.00    0.20     1  kiblnd_sd_00_01
11:49:21        0      2654    0.00    0.20    0.00    0.00    0.20     9  kiblnd_sd_00_02
11:49:21        0      2656    0.00    0.20    0.00    0.00    0.20    16  kiblnd_sd_01_00
11:49:21        0      2658    0.00    0.20    0.00    0.00    0.20    20  kiblnd_sd_01_02
11:49:21        0      2659    0.00    0.20    0.00    0.00    0.20    23  kiblnd_sd_01_03
11:49:21        0      2661    0.00    0.20    0.00    0.00    0.20    34  kiblnd_sd_02_01
11:49:21        0      2662    0.00    0.20    0.00    0.00    0.20    31  kiblnd_sd_02_02
11:49:21        0      2663    0.00    0.20    0.00    0.00    0.20    34  kiblnd_sd_02_03
11:49:21        0      2678    0.00    0.20    0.00    0.00    0.20     7  ptlrpcd_00_07
11:49:21        0      2700    0.00    0.20    0.00    0.00    0.20    29  ptlrpcd_02_05
11:49:21        0      2713    0.00    0.20    0.00    0.00    0.20    40  ptlrpcd_03_06
11:49:21        0      2715    0.00    0.20    0.00    0.00    0.20    41  ptlrpcd_03_08
11:49:21        0      4018    0.00    0.20    0.00    0.00    0.20     1  ldlm_bl_03
11:49:21        0     10849    0.00    0.20    0.00    0.00    0.20    34  ldlm_bl_08
11:49:21        0     12873    0.00    0.20    0.00    0.00    0.20    37  ldlm_bl_14
11:49:21        0     12886    0.00    0.20    0.00    0.00    0.20    29  ldlm_bl_27
11:49:21        0    111657    0.20    0.00    0.00    0.00    0.20    47  kworker/47:2-events
11:49:21        0    114592    0.00    0.20    0.00    0.00    0.20    45  kworker/u96:1-ipoib_wq
11:49:21    30910    121285    0.40    1.20    0.00    0.00    1.60    15  pidstat
11:49:21    30910    121579    0.40    1.20    0.00    0.00    1.60    36  pidstat
11:49:21    30910    122103    0.40    1.40    0.00    0.00    1.80    16  pidstat
11:49:21    30910    124653    0.80    0.80    0.00    0.00    1.60     4  pidstat
11:49:21    30910    124654    2.20    1.20    0.00    0.00    3.40     5  python
11:49:21    30910    124655  393.40   15.80    0.00    0.00  409.20    24  java
11:49:21    30910    124970   34.40    5.00    0.00    0.00   39.40    36  python

11:49:16      UID       PID  minflt/s  majflt/s     VSZ     RSS   %MEM  Command
11:49:21        0      1424      9.80      0.00  728064   28672   0.09  node_exporter
11:49:21    30910    124654      1.00      0.00  235328   74304   0.23  python
11:49:21    30910    124655    432.40      0.00 18946560  692480   2.10  java
11:49:21    30910    124970    155.00      0.00   48000   44224   0.13  python

11:49:21      UID       PID    %usr %system  %guest   %wait    %CPU   CPU  Command
11:49:26        0        11    0.00    0.20    0.00    0.00    0.20    14  rcu_sched
11:49:26        0       342    0.20    0.00    0.00    0.00    0.20    43  kworker/43:1-events
11:49:26        0       343    0.00    0.20    0.00    0.00    0.20    44  kworker/44:1-mm_percpu_wq
11:49:26        0       791    0.00    0.20    0.00    0.00    0.20    10  kworker/10:2-mm_percpu_wq
11:49:26        0      1450    0.20    0.20    0.00    0.00    0.40     0  NetworkManager
11:49:26        0      2652    0.00    0.80    0.00    0.40    0.80    11  kiblnd_sd_00_00
11:49:26        0      2653    0.00    0.80    0.00    0.40    0.80     8  kiblnd_sd_00_01
11:49:26        0      2654    0.00    0.80    0.00    0.40    0.80     7  kiblnd_sd_00_02
11:49:26        0      2655    0.00    0.80    0.00    0.60    0.80    10  kiblnd_sd_00_03
11:49:26        0      2656    0.00    1.00    0.00    0.20    1.00    20  kiblnd_sd_01_00
11:49:26        0      2657    0.00    1.00    0.00    0.20    1.00    20  kiblnd_sd_01_01
11:49:26        0      2658    0.00    0.80    0.00    0.20    0.80    20  kiblnd_sd_01_02
11:49:26        0      2659    0.00    0.80    0.00    0.00    0.80    20  kiblnd_sd_01_03
11:49:26        0      2660    0.00    0.20    0.00    0.00    0.20    34  kiblnd_sd_02_00
11:49:26        0      2661    0.00    0.20    0.00    0.00    0.20    33  kiblnd_sd_02_01
11:49:26        0      2663    0.00    0.20    0.00    0.00    0.20    26  kiblnd_sd_02_03
11:49:26        0      2680    0.00    0.20    0.00    0.00    0.20     0  ptlrpcd_00_09
11:49:26        0      2681    0.00    0.20    0.00    0.00    0.20     6  ptlrpcd_00_10
11:49:26        0      2682    0.00    0.20    0.00    0.00    0.20     8  ptlrpcd_00_11
11:49:26        0      2685    0.00    0.20    0.00    0.00    0.20    22  ptlrpcd_01_02
11:49:26        0      2689    0.00    0.20    0.00    0.00    0.20    23  ptlrpcd_01_06
11:49:26        0      2695    0.00    0.20    0.00    0.00    0.20    29  ptlrpcd_02_00
11:49:26        0      2697    0.00    0.20    0.00    0.00    0.20    28  ptlrpcd_02_02
11:49:26        0      2703    0.00    0.20    0.00    0.00    0.20    32  ptlrpcd_02_08
11:49:26        0      2706    0.00    0.20    0.00    0.00    0.20    29  ptlrpcd_02_11
11:49:26        0      2707    0.00    0.20    0.00    0.00    0.20    41  ptlrpcd_03_00
11:49:26        0      2710    0.00    0.20    0.00    0.00    0.20    37  ptlrpcd_03_03
11:49:26        0      2711    0.00    0.20    0.00    0.00    0.20    47  ptlrpcd_03_04
11:49:26        0      2716    0.00    0.20    0.00    0.00    0.20    43  ptlrpcd_03_09
11:49:26        0      2717    0.00    0.20    0.00    0.00    0.20    40  ptlrpcd_03_10
11:49:26        0      2739    0.00    0.20    0.00    0.00    0.20    32  ldlm_bl_01
11:49:26        0     10845    0.00    0.20    0.00    0.00    0.20     6  ldlm_bl_04
11:49:26        0     10846    0.00    0.20    0.00    0.00    0.20    22  ldlm_bl_05
11:49:26        0     10848    0.00    0.20    0.00    0.00    0.20    32  ldlm_bl_07
11:49:26        0     10851    0.00    0.20    0.00    0.00    0.20    33  ldlm_bl_10
11:49:26        0     12874    0.00    0.20    0.00    0.00    0.20    37  ldlm_bl_15
11:49:26        0     12875    0.00    0.20    0.00    0.00    0.20    42  ldlm_bl_16
11:49:26        0     12876    0.00    0.20    0.00    0.00    0.20    24  ldlm_bl_17
11:49:26        0     12878    0.00    0.20    0.00    0.00    0.20    15  ldlm_bl_19
11:49:26        0     12879    0.00    0.20    0.00    0.00    0.20    37  ldlm_bl_20
11:49:26        0     12880    0.00    0.20    0.00    0.00    0.20    15  ldlm_bl_21
11:49:26        0     12881    0.00    0.20    0.00    0.00    0.20    42  ldlm_bl_22
11:49:26        0     12882    0.00    0.20    0.00    0.00    0.20    15  ldlm_bl_23
11:49:26        0     12883    0.00    0.20    0.00    0.00    0.20    23  ldlm_bl_24
11:49:26        0     55152    0.00    0.20    0.00    0.00    0.20     7  kworker/7:0-events
11:49:26    30910    121285    0.60    1.00    0.00    0.00    1.60    15  pidstat
11:49:26    30910    121579    0.40    1.40    0.00    0.00    1.80    37  pidstat
11:49:26    30910    122103    0.40    1.40    0.00    0.00    1.80    16  pidstat
11:49:26    30910    124653    0.60    1.00    0.00    0.00    1.60    11  pidstat
11:49:26    30910    124654    0.20    0.00    0.00    0.00    0.20     5  python
11:49:26    30910    124655 1205.20   40.00    0.00    0.00 1245.20    24  java
11:49:26    30910    124970   23.60    3.20    0.00    0.00   26.80     6  python
11:49:26    30910    124973   11.80    1.00    0.00    0.00   12.80    14  python
11:49:26    30910    124974   11.20    1.40    0.00    1.60   12.60     8  python
11:49:26    30910    124977   12.00    0.60    0.00    0.60   12.60    43  python
11:49:26    30910    124979   11.80    0.60    0.00    0.00   12.40    47  python
11:49:26    30910    124981   11.80    0.80    0.00    1.60   12.60    25  python
11:49:26    30910    124983   11.20    1.20    0.00    0.00   12.40     1  python
11:49:26    30910    124985   11.60    0.80    0.00    0.00   12.40     5  python
11:49:26    30910    124987   11.60    0.80    0.00    0.00   12.40    16  python
11:49:26    30910    124990   11.60    1.00    0.00    0.00   12.60    11  python
11:49:26    30910    124993   12.00    1.00    0.00    0.20   13.00    46  python
11:49:26    30910    124995   12.00    0.80    0.00    0.00   12.80    45  python
11:49:26    30910    124998   12.60    0.00    0.00    0.20   12.60    21  python
11:49:26    30910    125000   12.20    0.20    0.00    0.00   12.40    39  python
11:49:26    30910    125002   11.80    1.20    0.00    0.40   13.00    22  python
11:49:26    30910    125004   11.60    1.00    0.00    0.40   12.60     1  python
11:49:26    30910    125006   11.80    0.80    0.00    0.00   12.60    28  python
11:49:26    30910    125008   11.40    1.20    0.00    0.00   12.60    35  python
11:49:26    30910    125010   11.80    0.80    0.00    0.80   12.60    32  python
11:49:26    30910    125012   11.80    1.00    0.00    0.40   12.80    30  python
11:49:26    30910    125014   12.00    0.60    0.00    0.00   12.60    33  python
11:49:26    30910    125016   11.00    1.40    0.00    0.00   12.40     5  python
11:49:26    30910    125018   11.80    0.60    0.00    0.40   12.40     0  python
11:49:26    30910    125020   12.20    0.40    0.00    0.00   12.60    44  python
11:49:26    30910    125022   12.20    0.20    0.00    0.40   12.40    38  python
11:49:26    30910    125024   10.80    1.80    0.00    0.20   12.60    17  python
11:49:26    30910    125026   11.80    1.40    0.00    0.20   13.20     0  python
11:49:26    30910    125028   11.20    1.40    0.00    0.20   12.60    12  python
11:49:26    30910    125030   11.80    1.00    0.00    0.00   12.80     7  python
11:49:26    30910    125032   11.60    0.80    0.00    0.00   12.40     1  python
11:49:26    30910    125034   11.80    0.80    0.00    0.20   12.60    22  python
11:49:26    30910    125036   12.00    0.20    0.00    0.00   12.20    37  python
11:49:26    30910    125038   12.40    0.20    0.00    0.20   12.60    21  python
11:49:26    30910    125040   12.20    0.60    0.00    0.00   12.80    38  python
11:49:26    30910    125042   11.60    0.80    0.00    0.20   12.40     2  python
11:49:26    30910    125044   12.00    0.40    0.00    0.00   12.40     0  python
11:49:26    30910    125046   12.20    0.60    0.00    0.00   12.80    35  python
11:49:26    30910    125048   11.60    1.00    0.00    0.00   12.60    40  python
11:49:26    30910    125050   12.60    0.40    0.00    0.00   13.00    16  python
11:49:26    30910    125052   12.00    0.60    0.00    0.20   12.60    45  python
11:49:26    30910    125054   12.40    0.40    0.00    0.00   12.80    23  python
11:49:26    30910    125057   11.60    1.00    0.00    0.20   12.60     8  python
11:49:26    30910    125059   12.00    0.80    0.00    0.60   12.80    24  python
11:49:26    30910    125061   12.00    0.60    0.00    0.40   12.60     6  python
11:49:26    30910    125063   11.80    0.80    0.00    0.20   12.60    20  python
11:49:26    30910    125065   11.20    1.40    0.00    0.60   12.60     5  python
11:49:26    30910    125067   12.40    0.40    0.00    0.60   12.80    31  python
11:49:26    30910    125069   12.20    0.40    0.00    0.60   12.60    41  python
11:49:26    30910    125071   11.60    0.80    0.00    0.40   12.40     5  python

11:49:21      UID       PID  minflt/s  majflt/s     VSZ     RSS   %MEM  Command
11:49:26        0      1441      2.40      0.00 2424448    9536   0.03  cgroups_exporte
11:49:26    30910    124655   2689.60      0.00 22866112 1306048   3.97  java
11:49:26    30910    124970    592.40      0.00   58112   54080   0.16  python
11:49:26    30910    124973    256.80      0.00   65472   58688   0.18  python
11:49:26    30910    124974    256.80      0.00   65472   58688   0.18  python
11:49:26    30910    124977    256.60      0.00   65472   58688   0.18  python
11:49:26    30910    124979    257.00      0.00   65472   58688   0.18  python
11:49:26    30910    124981    256.80      0.00   65472   58688   0.18  python
11:49:26    30910    124983    256.80      0.00   65472   58688   0.18  python
11:49:26    30910    124985    256.80      0.00   65472   58688   0.18  python
11:49:26    30910    124987    256.80      0.00   65472   58688   0.18  python
11:49:26    30910    124990    256.80      0.00   65472   58688   0.18  python
11:49:26    30910    124993    256.80      0.00   65472   58688   0.18  python
11:49:26    30910    124995    257.00      0.00   65472   58752   0.18  python
11:49:26    30910    124998    256.80      0.00   65472   58688   0.18  python
11:49:26    30910    125000    256.60      0.00   65472   58688   0.18  python
11:49:26    30910    125002    257.00      0.00   65472   58688   0.18  python
11:49:26    30910    125004    257.00      0.00   65472   58752   0.18  python
11:49:26    30910    125006    256.80      0.00   65472   58688   0.18  python
11:49:26    30910    125008    256.80      0.00   65472   58688   0.18  python
11:49:26    30910    125010    256.80      0.00   65472   58688   0.18  python
11:49:26    30910    125012    256.80      0.00   65472   58688   0.18  python
11:49:26    30910    125014    256.80      0.00   65472   58688   0.18  python
11:49:26    30910    125016    256.80      0.00   65472   58688   0.18  python
11:49:26    30910    125018    256.80      0.00   65472   58688   0.18  python
11:49:26    30910    125020    256.60      0.00   65472   58688   0.18  python
11:49:26    30910    125022    257.00      0.00   65472   58688   0.18  python
11:49:26    30910    125024    256.80      0.00   65472   58688   0.18  python
11:49:26    30910    125026    256.80      0.00   65472   58688   0.18  python
11:49:26    30910    125028    256.80      0.00   65472   58688   0.18  python
11:49:26    30910    125030    256.80      0.00   65472   58688   0.18  python
11:49:26    30910    125032    256.80      0.00   65472   58688   0.18  python
11:49:26    30910    125034    256.80      0.00   65472   58688   0.18  python
11:49:26    30910    125036    256.80      0.00   65472   58688   0.18  python
11:49:26    30910    125038    256.80      0.00   65472   58688   0.18  python
11:49:26    30910    125040    256.60      0.00   65472   58688   0.18  python
11:49:26    30910    125042    257.00      0.00   65472   58688   0.18  python
11:49:26    30910    125044    256.80      0.00   65472   58688   0.18  python
11:49:26    30910    125046    256.80      0.00   65472   58688   0.18  python
11:49:26    30910    125048    256.80      0.00   65472   58688   0.18  python
11:49:26    30910    125050    257.00      0.00   65472   58752   0.18  python
11:49:26    30910    125052    256.80      0.00   65472   58688   0.18  python
11:49:26    30910    125054    256.80      0.00   65472   58688   0.18  python
11:49:26    30910    125057    256.80      0.00   65472   58688   0.18  python
11:49:26    30910    125059    256.80      0.00   65472   58688   0.18  python
11:49:26    30910    125061    256.60      0.00   65472   58688   0.18  python
11:49:26    30910    125063    257.00      0.00   65472   58688   0.18  python
11:49:26    30910    125065    256.80      0.00   65472   58688   0.18  python
11:49:26    30910    125067    256.80      0.00   65472   58688   0.18  python
11:49:26    30910    125069    256.80      0.00   65472   58688   0.18  python
11:49:26    30910    125071    256.80      0.00   65472   58688   0.18  python
