Linux 4.18.0-348.23.1.el8_5.aarch64 (cna0146.deucalion.macc.fccn.pt) 	16/03/26 	_aarch64_	(48 CPU)

11:46:50      UID       PID    %usr %system  %guest   %wait    %CPU   CPU  Command
11:46:55        0       344    0.00    0.20    0.00    0.00    0.20    45  kworker/45:1-mm_percpu_wq
11:46:55        0       797    0.00    0.20    0.00    0.00    0.20    20  jbd2/nvme0n1p4-
11:46:55        0      1441    0.00    0.20    0.00    0.00    0.20    12  cgroups_exporte
11:46:55        0      1450    0.20    0.20    0.00    0.00    0.39     1  NetworkManager
11:46:55        0      2655    0.00    0.20    0.00    0.00    0.20     7  kiblnd_sd_00_03
11:46:55        0      2656    0.00    3.54    0.00    0.00    3.54    12  kiblnd_sd_01_00
11:46:55        0      2657    0.00    3.54    0.00    0.00    3.54    20  kiblnd_sd_01_01
11:46:55        0      2658    0.00    3.74    0.00    0.00    3.74    22  kiblnd_sd_01_02
11:46:55        0      2659    0.00    3.54    0.00    0.00    3.54    13  kiblnd_sd_01_03
11:46:55        0      2660    0.00    0.20    0.00    0.00    0.20    25  kiblnd_sd_02_00
11:46:55        0      2661    0.00    0.39    0.00    0.00    0.39    32  kiblnd_sd_02_01
11:46:55        0      2662    0.00    0.20    0.00    0.00    0.20    31  kiblnd_sd_02_02
11:46:55        0      2663    0.00    0.20    0.00    0.00    0.20    34  kiblnd_sd_02_03
11:46:55        0      2671    0.00    0.20    0.00    0.00    0.20     4  ptlrpcd_00_00
11:46:55        0      2672    0.00    0.39    0.00    0.00    0.39     5  ptlrpcd_00_01
11:46:55        0      2673    0.00    0.20    0.00    0.00    0.20     7  ptlrpcd_00_02
11:46:55        0      2674    0.00    0.39    0.00    0.00    0.39     2  ptlrpcd_00_03
11:46:55        0      2675    0.00    0.39    0.00    0.00    0.39     5  ptlrpcd_00_04
11:46:55        0      2676    0.00    0.39    0.00    0.00    0.39     3  ptlrpcd_00_05
11:46:55        0      2677    0.00    0.39    0.00    0.00    0.39    10  ptlrpcd_00_06
11:46:55        0      2678    0.00    0.20    0.00    0.00    0.20     9  ptlrpcd_00_07
11:46:55        0      2679    0.00    0.20    0.00    0.00    0.20     3  ptlrpcd_00_08
11:46:55        0      2680    0.00    0.20    0.00    0.00    0.20     4  ptlrpcd_00_09
11:46:55        0      2681    0.00    0.20    0.00    0.00    0.20     4  ptlrpcd_00_10
11:46:55        0      2682    0.00    0.20    0.00    0.00    0.20     9  ptlrpcd_00_11
11:46:55        0      2684    0.00    0.20    0.00    0.00    0.20    22  ptlrpcd_01_01
11:46:55        0      2691    0.00    0.20    0.00    0.00    0.20    15  ptlrpcd_01_08
11:46:55        0      2692    0.00    0.20    0.00    0.00    0.20    14  ptlrpcd_01_09
11:46:55        0      2693    0.00    0.20    0.00    0.00    0.20    21  ptlrpcd_01_10
11:46:55        0      2695    0.00    0.20    0.00    0.00    0.20    34  ptlrpcd_02_00
11:46:55        0      2696    0.00    0.20    0.00    0.00    0.20    33  ptlrpcd_02_01
11:46:55        0      2697    0.00    0.39    0.00    0.00    0.39    32  ptlrpcd_02_02
11:46:55        0      2698    0.00    0.20    0.00    0.00    0.20    27  ptlrpcd_02_03
11:46:55        0      2699    0.00    0.20    0.00    0.00    0.20    28  ptlrpcd_02_04
11:46:55        0      2700    0.00    0.39    0.00    0.00    0.39    26  ptlrpcd_02_05
11:46:55        0      2701    0.00    0.20    0.00    0.00    0.20    33  ptlrpcd_02_06
11:46:55        0      2702    0.00    0.20    0.00    0.00    0.20    35  ptlrpcd_02_07
11:46:55        0      2703    0.00    0.39    0.00    0.00    0.39    32  ptlrpcd_02_08
11:46:55        0      2704    0.00    0.20    0.00    0.00    0.20    24  ptlrpcd_02_09
11:46:55        0      2705    0.00    0.20    0.00    0.00    0.20    30  ptlrpcd_02_10
11:46:55        0      2706    0.00    0.39    0.00    0.00    0.39    29  ptlrpcd_02_11
11:46:55        0      2707    0.00    0.20    0.00    0.00    0.20    39  ptlrpcd_03_00
11:46:55        0      2708    0.00    0.20    0.00    0.00    0.20    36  ptlrpcd_03_01
11:46:55        0      2709    0.00    0.20    0.00    0.00    0.20    44  ptlrpcd_03_02
11:46:55        0      2711    0.00    0.20    0.00    0.00    0.20    38  ptlrpcd_03_04
11:46:55        0      2712    0.00    0.20    0.00    0.00    0.20    40  ptlrpcd_03_05
11:46:55        0      2713    0.00    0.20    0.00    0.00    0.20    39  ptlrpcd_03_06
11:46:55        0      2714    0.00    0.20    0.00    0.00    0.20    45  ptlrpcd_03_07
11:46:55        0      2715    0.00    0.20    0.00    0.00    0.20    42  ptlrpcd_03_08
11:46:55        0      2716    0.00    0.20    0.00    0.00    0.20    41  ptlrpcd_03_09
11:46:55        0      2717    0.00    0.20    0.00    0.00    0.20    42  ptlrpcd_03_10
11:46:55        0      2739    0.00    0.20    0.00    0.00    0.20    44  ldlm_bl_01
11:46:55        0      2740    0.00    0.20    0.00    0.00    0.20    40  ldlm_bl_02
11:46:55        0      4018    0.00    0.20    0.00    0.00    0.20     1  ldlm_bl_03
11:46:55        0     10845    0.00    0.20    0.00    0.00    0.20    30  ldlm_bl_04
11:46:55        0     10846    0.00    0.20    0.00    0.00    0.20    35  ldlm_bl_05
11:46:55        0     10847    0.00    0.20    0.00    0.00    0.20    37  ldlm_bl_06
11:46:55        0     10848    0.00    0.20    0.00    0.00    0.20     1  ldlm_bl_07
11:46:55        0     10849    0.00    0.20    0.00    0.00    0.20     2  ldlm_bl_08
11:46:55        0     10850    0.00    0.20    0.00    0.00    0.20    33  ldlm_bl_09
11:46:55        0     10851    0.00    0.20    0.00    0.00    0.20    33  ldlm_bl_10
11:46:55        0     12870    0.00    0.20    0.00    0.00    0.20    26  ldlm_bl_11
11:46:55        0     12871    0.00    0.20    0.00    0.00    0.20    45  ldlm_bl_12
11:46:55        0     12872    0.00    0.20    0.00    0.00    0.20     1  ldlm_bl_13
11:46:55        0     12873    0.00    0.20    0.00    0.00    0.20    26  ldlm_bl_14
11:46:55        0     12874    0.00    0.20    0.00    0.00    0.20    19  ldlm_bl_15
11:46:55        0     12875    0.00    0.20    0.00    0.00    0.20    31  ldlm_bl_16
11:46:55        0     12876    0.00    0.20    0.00    0.00    0.20    30  ldlm_bl_17
11:46:55        0     12877    0.00    0.20    0.00    0.00    0.20     2  ldlm_bl_18
11:46:55        0     12878    0.00    0.39    0.00    0.00    0.39    11  ldlm_bl_19
11:46:55        0     12879    0.00    0.20    0.00    0.00    0.20    36  ldlm_bl_20
11:46:55        0     12880    0.00    0.20    0.00    0.00    0.20    44  ldlm_bl_21
11:46:55        0     12881    0.00    0.20    0.00    0.00    0.20     2  ldlm_bl_22
11:46:55        0     12882    0.00    0.20    0.00    0.00    0.20     2  ldlm_bl_23
11:46:55        0     12883    0.00    0.20    0.00    0.00    0.20    18  ldlm_bl_24
11:46:55        0     12884    0.00    0.20    0.00    0.00    0.20    10  ldlm_bl_25
11:46:55        0     12885    0.00    0.20    0.00    0.00    0.20    31  ldlm_bl_26
11:46:55        0     12886    0.00    0.20    0.00    0.00    0.20    25  ldlm_bl_27
11:46:55        0     12887    0.00    0.20    0.00    0.00    0.20    30  ldlm_bl_28
11:46:55    30910    121285    0.59    1.18    0.00    0.00    1.77    15  pidstat
11:46:55    30910    121579    0.39    2.36    0.00    0.00    2.76    47  pidstat
11:46:55    30910    122103    0.39    1.18    0.00    0.00    1.57    15  pidstat
11:46:55    30910    124103    0.20    1.38    0.00    0.00    1.57     3  pidstat
11:46:55    30910    124105    8.46    4.92    0.00    0.00   13.39    20  python
11:46:55    30910    124109  119.29   14.96    0.00    0.00  134.25    21  java

11:46:50      UID       PID  minflt/s  majflt/s     VSZ     RSS   %MEM  Command
11:46:55    30910    124103     40.75      0.00   23424   17792   0.05  pidstat
11:46:55    30910    124105    100.98      0.00   53696   37504   0.11  python
11:46:55    30910    124109    646.06      0.00 4913536  136576   0.41  java

11:46:55      UID       PID    %usr %system  %guest   %wait    %CPU   CPU  Command
11:47:00        0        11    0.00    0.20    0.00    0.00    0.20    13  rcu_sched
11:47:00        0       334    0.00    0.20    0.00    0.00    0.20    36  kworker/36:1-events
11:47:00        0      1450    0.20    0.00    0.00    0.00    0.20     0  NetworkManager
11:47:00      201      1723    1.40    0.00    0.00    0.00    1.40    29  telegraf
11:47:00        0      1725    0.20    0.00    0.00    0.00    0.20    20  rsyslogd
11:47:00        0      2653    0.00    0.20    0.00    0.00    0.20     7  kiblnd_sd_00_01
11:47:00        0      2659    0.00    0.20    0.00    0.00    0.20    13  kiblnd_sd_01_03
11:47:00        0      2663    0.00    0.20    0.00    0.00    0.20    26  kiblnd_sd_02_03
11:47:00        0      2698    0.00    0.20    0.00    0.00    0.20    32  ptlrpcd_02_03
11:47:00        0      2710    0.00    0.20    0.00    0.00    0.20    44  ptlrpcd_03_03
11:47:00        0      2718    0.00    0.20    0.00    0.00    0.20    41  ptlrpcd_03_11
11:47:00        0    107050    0.00    0.20    0.00    0.00    0.20    26  kworker/26:1-mm_percpu_wq
11:47:00    30910    121285    0.60    1.00    0.00    0.00    1.60    15  pidstat
11:47:00    30910    121579    0.60    1.20    0.00    0.00    1.80    47  pidstat
11:47:00    30910    122103    0.60    1.20    0.00    0.00    1.80    16  pidstat
11:47:00        0    123473    0.00    0.20    0.00    0.00    0.20     2  kworker/u102:0-xprtiod
11:47:00    30910    124103    0.80    1.20    0.00    0.00    2.00     3  pidstat
11:47:00    30910    124105    0.40    0.80    0.00    0.00    1.20    17  python
11:47:00    30910    124109  271.40   12.80    0.00    0.00  284.20    21  java
11:47:00        0    124297    3.60    0.80    0.00    0.00    4.40    24  nhc

11:46:55      UID       PID  minflt/s  majflt/s     VSZ     RSS   %MEM  Command
11:47:00        0      3115     11.20      0.00 3283648   24000   0.07  slurmd
11:47:00    30910    124103      2.80      0.00   23424   22016   0.07  pidstat
11:47:00    30910    124105     44.20      0.00  128576   38080   0.12  python
11:47:00    30910    124109    679.40      0.00 12577792  268352   0.82  java
11:47:00        0    124297     51.00      0.00   16000    5888   0.02  nhc
11:47:00        0    124299     20.60      0.00   15808    4608   0.01  nhc
11:47:00        0    124300     15.60      0.00    2624    1024   0.00  sleep

11:47:00      UID       PID    %usr %system  %guest   %wait    %CPU   CPU  Command
11:47:05        0      1424    4.40    2.20    0.00    0.00    6.60    11  node_exporter
11:47:05        0      1450    0.60    1.20    0.00    0.00    1.80     0  NetworkManager
11:47:05      201      1723    0.20    0.00    0.00    0.00    0.20    29  telegraf
11:47:05        0      2656    0.00    0.20    0.00    0.00    0.20    22  kiblnd_sd_01_00
11:47:05      901     70391    0.00    0.20    0.00    0.00    0.20    22  icinga2
11:47:05        0    114592    0.00    0.20    0.00    0.00    0.20    45  kworker/u96:1-ipoib_wq
11:47:05    30910    121285    0.40    1.20    0.00    0.00    1.60    15  pidstat
11:47:05    30910    121579    0.60    1.00    0.00    0.00    1.60    47  pidstat
11:47:05    30910    122103    0.00    1.40    0.00    0.00    1.40    16  pidstat
11:47:05    30910    124103    0.80    0.80    0.00    0.00    1.60     3  pidstat
11:47:05    30910    124105    0.00    0.20    0.00    0.00    0.20    39  python
11:47:05    30910    124109  244.00    8.00    0.00    0.00  252.00    21  java

11:47:00      UID       PID  minflt/s  majflt/s     VSZ     RSS   %MEM  Command
11:47:05        0      1424     10.00      0.00  728064   28544   0.09  node_exporter
11:47:05        0      1642      0.80      0.00  116928   51520   0.16  sssd_nss
11:47:05        0      3115      1.40      0.00 3283648   24000   0.07  slurmd
11:47:05    30910    124105      5.80      0.00  203072   38784   0.12  python
11:47:05    30910    124109    242.60      0.00 13426816  333312   1.01  java

11:47:05      UID       PID    %usr %system  %guest   %wait    %CPU   CPU  Command
11:47:10        0        11    0.00    0.20    0.00    0.00    0.20    17  rcu_sched
11:47:10        0      1441    0.20    0.00    0.00    0.00    0.20    12  cgroups_exporte
11:47:10        0      1450    0.20    0.40    0.00    0.00    0.60     1  NetworkManager
11:47:10        0      2657    0.00    0.20    0.00    0.00    0.20    13  kiblnd_sd_01_01
11:47:10        0      2658    0.00    0.20    0.00    0.00    0.20    14  kiblnd_sd_01_02
11:47:10        0      2659    0.00    0.20    0.00    0.00    0.20    18  kiblnd_sd_01_03
11:47:10        0      2660    0.00    0.20    0.00    0.00    0.20    29  kiblnd_sd_02_00
11:47:10        0      2673    0.00    0.20    0.00    0.00    0.20     6  ptlrpcd_00_02
11:47:10        0     12874    0.00    0.20    0.00    0.00    0.20    19  ldlm_bl_15
11:47:10    30910    121285    0.60    1.20    0.00    0.00    1.80    15  pidstat
11:47:10    30910    121579    1.00    0.60    0.00    0.00    1.60    47  pidstat
11:47:10    30910    122103    0.40    1.40    0.00    0.00    1.80    16  pidstat
11:47:10    30910    124103    0.60    1.20    0.00    0.00    1.80     3  pidstat
11:47:10    30910    124109  224.20    6.40    0.00    0.00  230.60    21  java

11:47:05      UID       PID  minflt/s  majflt/s     VSZ     RSS   %MEM  Command
11:47:10    30910    124105      1.00      0.00  203072   38784   0.12  python
11:47:10    30910    124109    230.60      0.00 13717632  396864   1.21  java

11:47:10      UID       PID    %usr %system  %guest   %wait    %CPU   CPU  Command
11:47:15        0      1450    0.40    0.20    0.00    0.00    0.60     0  NetworkManager
11:47:15      201      1723    0.20    0.00    0.00    0.00    0.20    29  telegraf
11:47:15        0      2652    0.00    0.20    0.00    0.00    0.20     2  kiblnd_sd_00_00
11:47:15        0      2654    0.00    0.20    0.00    0.00    0.20     6  kiblnd_sd_00_02
11:47:15        0      2656    0.00    1.20    0.00    0.00    1.20    23  kiblnd_sd_01_00
11:47:15        0      2657    0.00    1.20    0.00    0.00    1.20    13  kiblnd_sd_01_01
11:47:15        0      2658    0.00    1.20    0.00    0.00    1.20    20  kiblnd_sd_01_02
11:47:15        0      2659    0.00    1.00    0.00    0.00    1.00    18  kiblnd_sd_01_03
11:47:15        0      2660    0.00    0.20    0.00    0.00    0.20    28  kiblnd_sd_02_00
11:47:15        0      2661    0.00    0.40    0.00    0.00    0.40    28  kiblnd_sd_02_01
11:47:15        0      2662    0.00    0.40    0.00    0.00    0.40    32  kiblnd_sd_02_02
11:47:15        0      2663    0.00    0.20    0.00    0.00    0.20    30  kiblnd_sd_02_03
11:47:15        0      2678    0.00    0.20    0.00    0.00    0.20     8  ptlrpcd_00_07
11:47:15        0      2679    0.00    0.20    0.00    0.00    0.20     8  ptlrpcd_00_08
11:47:15        0      2680    0.00    0.20    0.00    0.00    0.20     4  ptlrpcd_00_09
11:47:15        0      2681    0.00    0.20    0.00    0.00    0.20     8  ptlrpcd_00_10
11:47:15        0      2682    0.00    0.20    0.00    0.00    0.20     6  ptlrpcd_00_11
11:47:15        0      2686    0.00    0.20    0.00    0.00    0.20    16  ptlrpcd_01_03
11:47:15        0      2695    0.00    0.20    0.00    0.00    0.20    35  ptlrpcd_02_00
11:47:15        0      2696    0.00    0.20    0.00    0.00    0.20    31  ptlrpcd_02_01
11:47:15        0      2699    0.00    0.20    0.00    0.00    0.20    30  ptlrpcd_02_04
11:47:15        0      2700    0.00    0.20    0.00    0.00    0.20    25  ptlrpcd_02_05
11:47:15        0      2701    0.00    0.20    0.00    0.00    0.20    32  ptlrpcd_02_06
11:47:15        0      2702    0.00    0.20    0.00    0.00    0.20    25  ptlrpcd_02_07
11:47:15        0      2704    0.00    0.20    0.00    0.00    0.20    33  ptlrpcd_02_09
11:47:15        0      2705    0.00    0.20    0.00    0.00    0.20    26  ptlrpcd_02_10
11:47:15        0      2708    0.00    0.20    0.00    0.00    0.20    38  ptlrpcd_03_01
11:47:15        0      2709    0.00    0.20    0.00    0.00    0.20    38  ptlrpcd_03_02
11:47:15        0      2712    0.00    0.20    0.00    0.00    0.20    41  ptlrpcd_03_05
11:47:15        0      2714    0.00    0.20    0.00    0.00    0.20    36  ptlrpcd_03_07
11:47:15        0      2740    0.00    0.20    0.00    0.00    0.20    45  ldlm_bl_02
11:47:15        0     10845    0.00    0.20    0.00    0.00    0.20    30  ldlm_bl_04
11:47:15        0     10846    0.00    0.20    0.00    0.00    0.20    35  ldlm_bl_05
11:47:15        0     10848    0.00    0.20    0.00    0.00    0.20     2  ldlm_bl_07
11:47:15        0     10850    0.00    0.20    0.00    0.00    0.20    33  ldlm_bl_09
11:47:15        0     10851    0.00    0.20    0.00    0.00    0.20    34  ldlm_bl_10
11:47:15        0     12871    0.00    0.20    0.00    0.00    0.20    45  ldlm_bl_12
11:47:15        0     12872    0.00    0.20    0.00    0.00    0.20     2  ldlm_bl_13
11:47:15        0     12877    0.00    0.20    0.00    0.00    0.20     3  ldlm_bl_18
11:47:15        0     12879    0.00    0.20    0.00    0.00    0.20    37  ldlm_bl_20
11:47:15        0     12885    0.00    0.20    0.00    0.00    0.20    31  ldlm_bl_26
11:47:15    30910    121285    0.60    0.80    0.00    0.00    1.40    15  pidstat
11:47:15    30910    121579    0.40    1.60    0.00    0.00    2.00    47  pidstat
11:47:15    30910    122103    0.80    0.80    0.00    0.00    1.60    16  pidstat
11:47:15    30910    124103    0.40    1.20    0.00    0.00    1.60     3  pidstat
11:47:15    30910    124105   21.60   13.20    0.00    0.00   34.80    44  python
11:47:15    30910    124109  191.20    8.00    0.00    0.00  199.20    21  java

11:47:10      UID       PID  minflt/s  majflt/s     VSZ     RSS   %MEM  Command
11:47:15        0      3115      0.60      0.00 3283648   24000   0.07  slurmd
11:47:15        0    116617      1.00      0.00  212096    8960   0.03  slurmstepd
11:47:15        0    116624      0.40      0.00  440768   15616   0.05  slurmstepd
11:47:15    30910    124105    167.80      0.00  243392   74432   0.23  python
11:47:15    30910    124109    402.40      0.00 14072320  509888   1.55  java

11:47:15      UID       PID    %usr %system  %guest   %wait    %CPU   CPU  Command
11:47:20        0        11    0.00    0.20    0.00    0.00    0.20    19  rcu_sched
11:47:20        0      1424    6.80    0.00    0.00    0.00    6.80    31  node_exporter
11:47:20        0      1450    0.00    0.20    0.00    0.00    0.20     0  NetworkManager
11:47:20      201      1723    0.20    0.00    0.00    0.00    0.20    29  telegraf
11:47:20      901      1742    0.00    0.20    0.00    0.00    0.20    42  icinga2
11:47:20        0      2655    0.00    0.20    0.00    0.00    0.20     3  kiblnd_sd_00_03
11:47:20        0      2656    0.00    0.20    0.00    0.00    0.20    23  kiblnd_sd_01_00
11:47:20        0      2657    0.00    0.20    0.00    0.00    0.20    21  kiblnd_sd_01_01
11:47:20        0      2658    0.00    0.20    0.00    0.00    0.20    20  kiblnd_sd_01_02
11:47:20        0      2659    0.00    0.20    0.00    0.00    0.20    12  kiblnd_sd_01_03
11:47:20        0      2660    0.00    0.20    0.00    0.00    0.20    28  kiblnd_sd_02_00
11:47:20        0      2662    0.00    0.20    0.00    0.00    0.20    33  kiblnd_sd_02_02
11:47:20        0      2663    0.00    0.20    0.00    0.00    0.20    33  kiblnd_sd_02_03
11:47:20        0      2666    0.00    0.20    0.00    0.00    0.20    39  kiblnd_sd_03_02
11:47:20        0      2706    0.00    0.20    0.00    0.00    0.20    31  ptlrpcd_02_11
11:47:20        0      4018    0.00    0.20    0.00    0.00    0.20     2  ldlm_bl_03
11:47:20        0     10847    0.00    0.20    0.00    0.00    0.20    45  ldlm_bl_06
11:47:20        0     12870    0.00    0.20    0.00    0.00    0.20    28  ldlm_bl_11
11:47:20        0     12873    0.00    0.20    0.00    0.00    0.20    29  ldlm_bl_14
11:47:20        0     12884    0.00    0.20    0.00    0.00    0.20    11  ldlm_bl_25
11:47:20        0     12886    0.00    0.20    0.00    0.00    0.20    28  ldlm_bl_27
11:47:20        0     12887    0.00    0.20    0.00    0.00    0.20    30  ldlm_bl_28
11:47:20        0    114592    0.00    0.20    0.00    0.00    0.20    39  kworker/u96:1-ipoib_wq
11:47:20        0    115120    0.00    0.20    0.00    0.00    0.20     0  kworker/0:2-events
11:47:20    30910    121285    0.00    1.80    0.00    0.00    1.80    15  pidstat
11:47:20    30910    121579    0.60    1.00    0.00    0.00    1.60    47  pidstat
11:47:20    30910    122103    0.20    1.60    0.00    0.00    1.80    16  pidstat
11:47:20    30910    124103    0.60    1.20    0.00    0.00    1.80     3  pidstat
11:47:20    30910    124105    1.80    0.60    0.00    0.00    2.40    44  python
11:47:20    30910    124109  303.80   17.40    0.00    0.00  321.20    21  java
11:47:20    30910    124446   47.40    6.40    0.00    0.00   53.80    25  python

11:47:15      UID       PID  minflt/s  majflt/s     VSZ     RSS   %MEM  Command
11:47:20        0      1424      8.00      0.00  728064   28928   0.09  node_exporter
11:47:20    30910    124105      1.00      0.00  243392   74432   0.23  python
11:47:20    30910    124109    584.00      0.00 18270720  665472   2.02  java
11:47:20    30910    124446    177.20      0.00   57088   48320   0.15  python

11:47:20      UID       PID    %usr %system  %guest   %wait    %CPU   CPU  Command
11:47:25        0      1450    0.00    0.20    0.00    0.00    0.20     0  NetworkManager
11:47:25        0      2652    0.00    0.80    0.00    0.40    0.80    11  kiblnd_sd_00_00
11:47:25        0      2653    0.00    1.00    0.00    0.20    1.00     2  kiblnd_sd_00_01
11:47:25        0      2654    0.00    1.00    0.00    0.40    1.00     2  kiblnd_sd_00_02
11:47:25        0      2655    0.00    0.80    0.00    0.20    0.80    11  kiblnd_sd_00_03
11:47:25        0      2656    0.00    0.80    0.00    0.20    0.80    13  kiblnd_sd_01_00
11:47:25        0      2657    0.00    0.80    0.00    0.20    0.80    15  kiblnd_sd_01_01
11:47:25        0      2658    0.00    0.80    0.00    0.20    0.80    13  kiblnd_sd_01_02
11:47:25        0      2659    0.00    0.80    0.00    0.20    0.80    15  kiblnd_sd_01_03
11:47:25        0      2660    0.00    0.20    0.00    0.20    0.20    34  kiblnd_sd_02_00
11:47:25        0      2661    0.00    0.20    0.00    0.20    0.20    27  kiblnd_sd_02_01
11:47:25        0      2662    0.00    0.20    0.00    0.00    0.20    25  kiblnd_sd_02_02
11:47:25        0      2663    0.00    0.20    0.00    0.00    0.20    33  kiblnd_sd_02_03
11:47:25        0      2671    0.00    0.20    0.00    0.00    0.20     5  ptlrpcd_00_00
11:47:25        0      2672    0.00    0.20    0.00    0.00    0.20    11  ptlrpcd_00_01
11:47:25        0      2674    0.00    0.20    0.00    0.00    0.20     5  ptlrpcd_00_03
11:47:25        0      2675    0.00    0.20    0.00    0.00    0.20    11  ptlrpcd_00_04
11:47:25        0      2676    0.00    0.20    0.00    0.00    0.20    11  ptlrpcd_00_05
11:47:25        0      2677    0.00    0.20    0.00    0.00    0.20     5  ptlrpcd_00_06
11:47:25        0      2683    0.00    0.20    0.00    0.00    0.20    22  ptlrpcd_01_00
11:47:25        0      2687    0.00    0.20    0.00    0.00    0.20    23  ptlrpcd_01_04
11:47:25        0      2688    0.00    0.20    0.00    0.00    0.20    22  ptlrpcd_01_05
11:47:25        0      2694    0.00    0.20    0.00    0.00    0.20    23  ptlrpcd_01_11
11:47:25        0      2695    0.00    0.20    0.00    0.00    0.20    29  ptlrpcd_02_00
11:47:25        0      2697    0.00    0.20    0.00    0.00    0.20    24  ptlrpcd_02_02
11:47:25        0      2698    0.00    0.20    0.00    0.00    0.20    24  ptlrpcd_02_03
11:47:25        0      2699    0.00    0.20    0.00    0.00    0.20    32  ptlrpcd_02_04
11:47:25        0      2701    0.00    0.20    0.00    0.00    0.20    24  ptlrpcd_02_06
11:47:25        0      2702    0.00    0.20    0.00    0.00    0.20    25  ptlrpcd_02_07
11:47:25        0      2703    0.00    0.20    0.00    0.00    0.20    30  ptlrpcd_02_08
11:47:25        0      2707    0.00    0.20    0.00    0.00    0.20    46  ptlrpcd_03_00
11:47:25        0      2713    0.00    0.20    0.00    0.00    0.20    45  ptlrpcd_03_06
11:47:25        0      2715    0.00    0.20    0.00    0.00    0.20    41  ptlrpcd_03_08
11:47:25        0      2716    0.00    0.20    0.00    0.00    0.20    45  ptlrpcd_03_09
11:47:25        0      2717    0.00    0.20    0.00    0.20    0.20    46  ptlrpcd_03_10
11:47:25        0      2739    0.00    0.20    0.00    0.00    0.20    25  ldlm_bl_01
11:47:25        0     10849    0.00    0.20    0.00    0.00    0.20    11  ldlm_bl_08
11:47:25        0     12874    0.00    0.20    0.00    0.00    0.20    25  ldlm_bl_15
11:47:25        0     12875    0.00    0.20    0.00    0.00    0.20    44  ldlm_bl_16
11:47:25        0     12876    0.00    0.20    0.00    0.00    0.20     6  ldlm_bl_17
11:47:25        0     12878    0.00    0.20    0.00    0.00    0.20    26  ldlm_bl_19
11:47:25        0     12880    0.00    0.20    0.00    0.00    0.20    44  ldlm_bl_21
11:47:25        0     12881    0.00    0.20    0.00    0.00    0.20    24  ldlm_bl_22
11:47:25        0     12882    0.00    0.20    0.00    0.00    0.20    25  ldlm_bl_23
11:47:25        0     12883    0.00    0.20    0.00    0.00    0.20    44  ldlm_bl_24
11:47:25        0     55152    0.00    0.20    0.00    0.00    0.20     7  kworker/7:0-mm_percpu_wq
11:47:25        0     58034    0.20    0.00    0.00    0.00    0.20    24  kworker/24:0-mm_percpu_wq
11:47:25        0    115557    0.00    0.20    0.00    0.00    0.20    19  kworker/19:0-mm_percpu_wq
11:47:25    30910    121285    0.00    2.00    0.00    0.00    2.00    15  pidstat
11:47:25    30910    121579    0.00    1.80    0.00    0.20    1.80    47  pidstat
11:47:25    30910    122103    0.20    1.80    0.00    0.00    2.00    16  pidstat
11:47:25    30910    124103    0.20    1.60    0.00    0.00    1.80     3  pidstat
11:47:25    30910    124105    0.20    0.00    0.00    0.00    0.20    44  python
11:47:25    30910    124109 1729.00   75.40    0.00    0.00 1804.40    21  java
11:47:25    30910    124446   10.60    1.40    0.00    0.00   12.00     1  python
11:47:25    30910    124449   12.80    0.00    0.00    0.40   12.80     8  python
11:47:25    30910    124450   12.00    0.40    0.00    0.00   12.40    28  python
11:47:25    30910    124453   12.60    0.40    0.00    0.80   13.00     1  python
11:47:25    30910    124455   11.40    0.80    0.00    0.00   12.20    32  python
11:47:25    30910    124457   12.00    0.40    0.00    0.00   12.40    34  python
11:47:25    30910    124459   12.20    0.40    0.00    0.20   12.60    16  python
11:47:25    30910    124461   11.40    1.00    0.00    0.60   12.40     2  python
11:47:25    30910    124463   11.80    0.60    0.00    0.20   12.40    18  python
11:47:25    30910    124465   11.40    0.80    0.00    0.40   12.20    27  python
11:47:25    30910    124467   12.00    0.60    0.00    0.00   12.60    33  python
11:47:25    30910    124470   12.00    0.60    0.00    0.00   12.60     6  python
11:47:25    30910    124472   12.20    0.20    0.00    0.20   12.40    41  python
11:47:25    30910    124474   12.00    0.60    0.00    0.60   12.60    10  python
11:47:25    30910    124476   11.40    1.00    0.00    0.00   12.40    39  python
11:47:25    30910    124478   12.20    0.60    0.00    0.20   12.80     1  python
11:47:25    30910    124480   11.00    1.20    0.00    0.00   12.20    15  python
11:47:25    30910    124482   11.80    1.00    0.00    0.20   12.80    13  python
11:47:25    30910    124484   11.40    1.00    0.00    0.20   12.40    41  python
11:47:25    30910    124486   11.60    1.20    0.00    0.40   12.80    27  python
11:47:25    30910    124488   11.40    0.80    0.00    0.00   12.20    11  python
11:47:25    30910    124490   11.80    0.80    0.00    0.80   12.60    24  python
11:47:25    30910    124492   11.60    1.20    0.00    0.40   12.80    34  python
11:47:25    30910    124494   12.20    0.20    0.00    1.20   12.40    10  python
11:47:25    30910    124496   11.80    1.00    0.00    0.40   12.80    21  python
11:47:25    30910    124498   12.00    0.60    0.00    0.80   12.60     4  python
11:47:25    30910    124500   12.00    1.20    0.00    0.40   13.20     2  python
11:47:25    30910    124502   11.60    0.80    0.00    0.40   12.40    11  python
11:47:25    30910    124505   11.60    0.80    0.00    0.20   12.40     1  python
11:47:25    30910    124507   11.80    0.40    0.00    0.20   12.20    12  python
11:47:25    30910    124509   11.80    1.00    0.00    0.20   12.80    20  python
11:47:25    30910    124511   12.60    0.20    0.00    0.00   12.80    46  python
11:47:25    30910    124513   12.60    0.40    0.00    1.40   13.00     2  python
11:47:25    30910    124515   12.00    0.20    0.00    0.00   12.20     0  python
11:47:25    30910    124517   11.60    0.60    0.00    0.00   12.20    14  python
11:47:25    30910    124519   11.80    1.00    0.00    0.20   12.80    36  python
11:47:25    30910    124521   11.40    1.00    0.00    0.00   12.40     9  python
11:47:25    30910    124523   12.80    0.00    0.00    0.60   12.80    15  python
11:47:25    30910    124525   11.40    1.20    0.00    0.80   12.60     2  python
11:47:25    30910    124527   12.60    0.00    0.00    0.20   12.60    28  python
11:47:25    30910    124529   11.60    1.00    0.00    0.00   12.60    47  python
11:47:25    30910    124531   12.00    0.60    0.00    0.00   12.60    22  python
11:47:25    30910    124533   12.00    0.80    0.00    0.40   12.80    41  python
11:47:25    30910    124535   11.80    1.00    0.00    0.20   12.80    47  python
11:47:25    30910    124537   12.40    0.40    0.00    0.20   12.80    18  python
11:47:25    30910    124539   12.20    0.60    0.00    0.20   12.80    43  python
11:47:25    30910    124541   12.20    0.60    0.00    1.00   12.80     8  python
11:47:25    30910    124543   11.80    0.80    0.00    0.20   12.60    10  python
11:47:25    30910    124544   11.80    1.00    0.00    0.60   12.80    32  python

11:47:20      UID       PID  minflt/s  majflt/s     VSZ     RSS   %MEM  Command
11:47:25    30910    124109   3206.80      0.00 22874304 1413760   4.30  java
11:47:25    30910    124446    570.20      0.00   58112   54080   0.16  python
11:47:25    30910    124449    257.40      0.00   66496   58624   0.18  python
11:47:25    30910    124450    257.40      0.00   66496   58624   0.18  python
11:47:25    30910    124453    257.40      0.00   66496   58624   0.18  python
11:47:25    30910    124455    257.40      0.00   66496   58624   0.18  python
11:47:25    30910    124457    257.40      0.00   66496   58624   0.18  python
11:47:25    30910    124459    257.40      0.00   66496   58624   0.18  python
11:47:25    30910    124461    257.40      0.00   66496   58624   0.18  python
11:47:25    30910    124463    257.60      0.00   66496   58624   0.18  python
11:47:25    30910    124465    257.20      0.00   66496   58624   0.18  python
11:47:25    30910    124467    257.60      0.00   66496   58624   0.18  python
11:47:25    30910    124470    257.40      0.00   66496   58624   0.18  python
11:47:25    30910    124472    257.40      0.00   66496   58624   0.18  python
11:47:25    30910    124474    257.40      0.00   66496   58624   0.18  python
11:47:25    30910    124476    257.40      0.00   66496   58624   0.18  python
11:47:25    30910    124478    257.40      0.00   66496   58624   0.18  python
11:47:25    30910    124480    257.40      0.00   66496   58624   0.18  python
11:47:25    30910    124482    257.40      0.00   66496   58624   0.18  python
11:47:25    30910    124484    257.60      0.00   66496   58624   0.18  python
11:47:25    30910    124486    257.20      0.00   66496   58624   0.18  python
11:47:25    30910    124488    257.40      0.00   66496   58624   0.18  python
11:47:25    30910    124490    257.40      0.00   66496   58624   0.18  python
11:47:25    30910    124492    257.40      0.00   66496   58624   0.18  python
11:47:25    30910    124494    257.40      0.00   66496   58624   0.18  python
11:47:25    30910    124496    257.60      0.00   66496   58624   0.18  python
11:47:25    30910    124498    257.40      0.00   66496   58624   0.18  python
11:47:25    30910    124500    257.40      0.00   66496   58624   0.18  python
11:47:25    30910    124502    257.40      0.00   66496   58624   0.18  python
11:47:25    30910    124505    257.60      0.00   66496   58624   0.18  python
11:47:25    30910    124507    257.20      0.00   66496   58624   0.18  python
11:47:25    30910    124509    257.40      0.00   66496   58624   0.18  python
11:47:25    30910    124511    257.40      0.00   66496   58624   0.18  python
11:47:25    30910    124513    257.40      0.00   66496   58624   0.18  python
11:47:25    30910    124515    257.40      0.00   66496   58624   0.18  python
11:47:25    30910    124517    257.40      0.00   66496   58624   0.18  python
11:47:25    30910    124519    257.60      0.00   66496   58624   0.18  python
11:47:25    30910    124521    257.40      0.00   66496   58624   0.18  python
11:47:25    30910    124523    257.40      0.00   66496   58624   0.18  python
11:47:25    30910    124525    257.60      0.00   66496   58624   0.18  python
11:47:25    30910    124527    257.20      0.00   66496   58624   0.18  python
11:47:25    30910    124529    257.40      0.00   66496   58624   0.18  python
11:47:25    30910    124531    257.40      0.00   66496   58624   0.18  python
11:47:25    30910    124533    257.40      0.00   66496   58624   0.18  python
11:47:25    30910    124535    257.40      0.00   66496   58624   0.18  python
11:47:25    30910    124537    257.40      0.00   66496   58624   0.18  python
11:47:25    30910    124539    257.40      0.00   66496   58624   0.18  python
11:47:25    30910    124541    257.40      0.00   66496   58624   0.18  python
11:47:25    30910    124543    257.40      0.00   66496   58624   0.18  python
11:47:25    30910    124544    257.60      0.00   66496   58624   0.18  python
