Linux 4.18.0-348.23.1.el8_5.aarch64 (cna0210.deucalion.macc.fccn.pt) 	14/03/26 	_aarch64_	(48 CPU)

11:58:16      UID       PID    %usr %system  %guest   %wait    %CPU   CPU  Command
11:58:21        0       238    0.20    0.00    0.00    0.00    0.20    37  ksoftirqd/37
11:58:21        0      1458    0.20    0.20    0.00    0.00    0.39     2  NetworkManager
11:58:21      901      1762    0.00    0.20    0.00    0.00    0.20    31  icinga2
11:58:21        0      2678    0.00    0.20    0.00    0.00    0.20     3  kiblnd_sd_00_02
11:58:21        0      2680    0.00    3.75    0.00    0.00    3.75    22  kiblnd_sd_01_00
11:58:21        0      2681    0.00    3.75    0.00    0.00    3.75    21  kiblnd_sd_01_01
11:58:21        0      2682    0.00    3.75    0.00    0.00    3.75    20  kiblnd_sd_01_02
11:58:21        0      2683    0.00    3.75    0.00    0.00    3.75    13  kiblnd_sd_01_03
11:58:21        0      2685    0.00    0.20    0.00    0.00    0.20    25  kiblnd_sd_02_01
11:58:21        0      2687    0.00    0.20    0.00    0.00    0.20    24  kiblnd_sd_02_03
11:58:21        0      2695    0.00    0.39    0.00    0.00    0.39    11  ptlrpcd_00_00
11:58:21        0      2696    0.00    0.20    0.00    0.00    0.20     5  ptlrpcd_00_01
11:58:21        0      2697    0.00    0.20    0.00    0.00    0.20    11  ptlrpcd_00_02
11:58:21        0      2698    0.00    0.20    0.00    0.00    0.20    10  ptlrpcd_00_03
11:58:21        0      2699    0.00    0.20    0.00    0.00    0.20     2  ptlrpcd_00_04
11:58:21        0      2700    0.00    0.20    0.00    0.00    0.20     7  ptlrpcd_00_05
11:58:21        0      2701    0.00    0.20    0.00    0.00    0.20     5  ptlrpcd_00_06
11:58:21        0      2702    0.00    0.20    0.00    0.00    0.20     3  ptlrpcd_00_07
11:58:21        0      2703    0.00    0.20    0.00    0.00    0.20    11  ptlrpcd_00_08
11:58:21        0      2704    0.00    0.20    0.00    0.00    0.20     8  ptlrpcd_00_09
11:58:21        0      2705    0.00    0.20    0.00    0.00    0.20     7  ptlrpcd_00_10
11:58:21        0      2706    0.00    0.20    0.00    0.00    0.20    11  ptlrpcd_00_11
11:58:21        0      2707    0.00    0.20    0.00    0.00    0.20    19  ptlrpcd_01_00
11:58:21        0      2708    0.00    0.20    0.00    0.00    0.20    15  ptlrpcd_01_01
11:58:21        0      2710    0.00    0.20    0.00    0.00    0.20    23  ptlrpcd_01_03
11:58:21        0      2711    0.00    0.20    0.00    0.00    0.20    19  ptlrpcd_01_04
11:58:21        0      2712    0.00    0.20    0.00    0.00    0.20    14  ptlrpcd_01_05
11:58:21        0      2714    0.00    0.20    0.00    0.00    0.20    19  ptlrpcd_01_07
11:58:21        0      2716    0.00    0.20    0.00    0.00    0.20    12  ptlrpcd_01_09
11:58:21        0      2717    0.00    0.20    0.00    0.00    0.20    14  ptlrpcd_01_10
11:58:21        0      2718    0.00    0.20    0.00    0.00    0.20    12  ptlrpcd_01_11
11:58:21        0      2719    0.00    0.20    0.00    0.00    0.20    27  ptlrpcd_02_00
11:58:21        0      2720    0.00    0.20    0.00    0.00    0.20    35  ptlrpcd_02_01
11:58:21        0      2721    0.00    0.20    0.00    0.00    0.20    26  ptlrpcd_02_02
11:58:21        0      2722    0.00    0.20    0.00    0.00    0.20    27  ptlrpcd_02_03
11:58:21        0      2723    0.00    0.20    0.00    0.00    0.20    24  ptlrpcd_02_04
11:58:21        0      2724    0.00    0.20    0.00    0.00    0.20    32  ptlrpcd_02_05
11:58:21        0      2725    0.00    0.20    0.00    0.00    0.20    31  ptlrpcd_02_06
11:58:21        0      2726    0.00    0.20    0.00    0.00    0.20    32  ptlrpcd_02_07
11:58:21        0      2727    0.00    0.20    0.00    0.00    0.20    24  ptlrpcd_02_08
11:58:21        0      2728    0.00    0.20    0.00    0.00    0.20    27  ptlrpcd_02_09
11:58:21        0      2729    0.00    0.20    0.00    0.00    0.20    35  ptlrpcd_02_10
11:58:21        0      2730    0.00    0.20    0.00    0.00    0.20    30  ptlrpcd_02_11
11:58:21        0      2731    0.00    0.20    0.00    0.00    0.20    47  ptlrpcd_03_00
11:58:21        0      2732    0.00    0.20    0.00    0.00    0.20    36  ptlrpcd_03_01
11:58:21        0      2734    0.00    0.20    0.00    0.00    0.20    41  ptlrpcd_03_03
11:58:21        0      2735    0.00    0.20    0.00    0.00    0.20    36  ptlrpcd_03_04
11:58:21        0      2736    0.00    0.20    0.00    0.00    0.20    37  ptlrpcd_03_05
11:58:21        0      2737    0.00    0.20    0.00    0.00    0.20    36  ptlrpcd_03_06
11:58:21        0      2738    0.00    0.20    0.00    0.00    0.20    36  ptlrpcd_03_07
11:58:21        0      2740    0.00    0.20    0.00    0.00    0.20    44  ptlrpcd_03_09
11:58:21        0      2741    0.00    0.20    0.00    0.00    0.20    47  ptlrpcd_03_10
11:58:21        0      2742    0.00    0.20    0.00    0.00    0.20    36  ptlrpcd_03_11
11:58:21        0      2763    0.00    0.20    0.00    0.00    0.20     4  ldlm_bl_01
11:58:21        0      2764    0.00    0.20    0.00    0.00    0.20    12  ldlm_bl_02
11:58:21        0      4001    0.00    0.20    0.00    0.00    0.20    34  ldlm_bl_03
11:58:21        0     10744    0.00    0.20    0.00    0.00    0.20    29  ldlm_bl_04
11:58:21        0     10747    0.00    0.20    0.00    0.00    0.20     4  ldlm_bl_05
11:58:21        0     10748    0.00    0.20    0.00    0.00    0.20    46  ldlm_bl_06
11:58:21        0     10763    0.00    0.20    0.00    0.00    0.20    27  ldlm_bl_07
11:58:21        0     12339    0.00    0.20    0.00    0.00    0.20     9  ldlm_bl_08
11:58:21        0     12340    0.00    0.20    0.00    0.00    0.20    35  ldlm_bl_09
11:58:21        0     12341    0.00    0.20    0.00    0.00    0.20     9  ldlm_bl_10
11:58:21        0     12343    0.00    0.20    0.00    0.00    0.20     6  ldlm_bl_12
11:58:21        0     12344    0.00    0.20    0.00    0.00    0.20    34  ldlm_bl_13
11:58:21        0     12345    0.00    0.20    0.00    0.00    0.20    46  ldlm_bl_14
11:58:21        0     12346    0.00    0.20    0.00    0.00    0.20    35  ldlm_bl_15
11:58:21        0     12347    0.00    0.20    0.00    0.00    0.20    28  ldlm_bl_16
11:58:21        0     12348    0.00    0.20    0.00    0.00    0.20     4  ldlm_bl_17
11:58:21        0     12349    0.00    0.20    0.00    0.00    0.20     4  ldlm_bl_18
11:58:21        0     12350    0.00    0.20    0.00    0.00    0.20    46  ldlm_bl_19
11:58:21        0     12351    0.00    0.20    0.00    0.00    0.20    46  ldlm_bl_20
11:58:21        0     12352    0.00    0.20    0.00    0.00    0.20    13  ldlm_bl_21
11:58:21        0     12353    0.00    0.20    0.00    0.00    0.20    13  ldlm_bl_22
11:58:21        0     12354    0.00    0.20    0.00    0.00    0.20    12  ldlm_bl_23
11:58:21        0     12356    0.00    0.20    0.00    0.00    0.20    46  ldlm_bl_25
11:58:21        0     12357    0.00    0.20    0.00    0.00    0.20    24  ldlm_bl_26
11:58:21        0     12358    0.00    0.20    0.00    0.00    0.20    10  ldlm_bl_27
11:58:21        0     12360    0.00    0.20    0.00    0.00    0.20    12  ldlm_bl_29
11:58:21      901     83268    0.20    0.00    0.00    0.00    0.20    26  icinga2
11:58:21        0     98978    0.00    0.20    0.00    0.00    0.20     0  kworker/u102:1-xprtiod
11:58:21    30910    102502    0.79    0.79    0.00    0.00    1.58     0  pidstat
11:58:21    30910    102503    9.27    4.34    0.00    0.00   13.61    43  python
11:58:21    30910    102504  127.02   17.36    0.00    0.00  144.38    37  java

11:58:16      UID       PID  minflt/s  majflt/s     VSZ     RSS   %MEM  Command
11:58:21    30910    102502     40.63      0.00   23232   17792   0.05  pidstat
11:58:21    30910    102503    103.55      0.00   57984   37824   0.11  python
11:58:21    30910    102504    699.80      0.00 5048704  150528   0.46  java

11:58:21      UID       PID    %usr %system  %guest   %wait    %CPU   CPU  Command
11:58:26        0        11    0.00    0.20    0.00    0.00    0.20    44  rcu_sched
11:58:26        0      1427    7.00    0.00    0.00    0.00    7.00     3  node_exporter
11:58:26        0      1458    0.20    0.00    0.00    0.00    0.20     1  NetworkManager
11:58:26        0      2676    0.00    0.20    0.00    0.00    0.20     8  kiblnd_sd_00_00
11:58:26        0      2679    0.00    0.20    0.00    0.00    0.20     1  kiblnd_sd_00_03
11:58:26        0      2682    0.00    0.20    0.00    0.00    0.20    23  kiblnd_sd_01_02
11:58:26        0      2703    0.00    0.20    0.00    0.00    0.20     5  ptlrpcd_00_08
11:58:26        0      2733    0.00    0.20    0.00    0.00    0.20    46  ptlrpcd_03_02
11:58:26    30910    102502    0.20    1.20    0.00    0.00    1.40     0  pidstat
11:58:26    30910    102503    0.60    0.60    0.00    0.00    1.20    44  python
11:58:26    30910    102504  266.80   10.40    0.00    0.00  277.20    37  java

11:58:21      UID       PID  minflt/s  majflt/s     VSZ     RSS   %MEM  Command
11:58:26        0      1427      7.60      0.00  727552   29696   0.09  node_exporter
11:58:26    30910    102428      0.20      0.00 5531712  158528   0.48  java
11:58:26    30910    102502      2.60      0.00   23232   22016   0.07  pidstat
11:58:26    30910    102503     43.40      0.00  132864   38464   0.12  python
11:58:26    30910    102504    655.20      0.00 12442624  280576   0.85  java

11:58:26      UID       PID    %usr %system  %guest   %wait    %CPU   CPU  Command
11:58:31        0      1458    0.00    0.20    0.00    0.00    0.20     1  NetworkManager
11:58:31      201      1732    0.20    0.00    0.00    0.00    0.20    45  telegraf
11:58:31        0      2681    0.00    0.20    0.00    0.00    0.20    21  kiblnd_sd_01_01
11:58:31        0     51887    0.20    0.00    0.00    0.00    0.20    33  kworker/33:2-events
11:58:31        0     97957    0.00    0.20    0.00    0.00    0.20    32  kworker/u96:1-ipoib_wq
11:58:31    30910    102502    0.20    1.40    0.00    0.00    1.60     0  pidstat
11:58:31    30910    102503    0.20    0.00    0.00    0.00    0.20     4  python
11:58:31    30910    102504  253.00    7.40    0.00    0.00  260.40    37  java

11:58:26      UID       PID  minflt/s  majflt/s     VSZ     RSS   %MEM  Command
11:58:31        0      1435      2.60      0.00 2424768    9856   0.03  cgroups_exporte
11:58:31    30910    102503      7.40      0.00  207360   39104   0.12  python
11:58:31    30910    102504    251.80      0.00 13426816  357696   1.09  java

11:58:31      UID       PID    %usr %system  %guest   %wait    %CPU   CPU  Command
11:58:36        0        11    0.00    0.20    0.00    0.00    0.20    42  rcu_sched
11:58:36        0      1458    0.00    0.20    0.00    0.00    0.20     1  NetworkManager
11:58:36        0      2680    0.00    0.20    0.00    0.00    0.20    20  kiblnd_sd_01_00
11:58:36        0     98273    0.20    0.00    0.00    0.00    0.20    26  kworker/26:2-mm_percpu_wq
11:58:36    30910    102428    0.00    0.20    0.00    0.00    0.20    23  java
11:58:36    30910    102502    0.40    1.20    0.00    0.00    1.60     1  pidstat
11:58:36    30910    102503    0.20    0.20    0.00    0.00    0.40     1  python
11:58:36    30910    102504  224.80    8.40    0.00    0.00  233.20    37  java

11:58:31      UID       PID  minflt/s  majflt/s     VSZ     RSS   %MEM  Command
11:58:36    30910    102503      0.20      0.00  207360   39104   0.12  python
11:58:36    30910    102504    222.20      0.00 13717632  416832   1.27  java

11:58:36      UID       PID    %usr %system  %guest   %wait    %CPU   CPU  Command
11:58:41        0      1427    5.20    1.20    0.00    0.00    6.40    43  node_exporter
11:58:41        0      1458    0.00    0.40    0.00    0.00    0.40     0  NetworkManager
11:58:41        0      1591    0.00    0.20    0.00    0.00    0.20    39  sssd_pam
11:58:41      201      1732    0.20    0.00    0.00    0.00    0.20    45  telegraf
11:58:41        0      2677    0.00    0.20    0.00    0.00    0.20     7  kiblnd_sd_00_01
11:58:41        0      2680    0.00    1.20    0.00    0.00    1.20    20  kiblnd_sd_01_00
11:58:41        0      2681    0.00    1.20    0.00    0.00    1.20    22  kiblnd_sd_01_01
11:58:41        0      2682    0.00    1.20    0.00    0.00    1.20    21  kiblnd_sd_01_02
11:58:41        0      2683    0.00    1.20    0.00    0.00    1.20    14  kiblnd_sd_01_03
11:58:41        0      2684    0.00    0.40    0.00    0.00    0.40    24  kiblnd_sd_02_00
11:58:41        0      2685    0.00    0.40    0.00    0.00    0.40    31  kiblnd_sd_02_01
11:58:41        0      2686    0.00    0.60    0.00    0.00    0.60    24  kiblnd_sd_02_02
11:58:41        0      2687    0.00    0.40    0.00    0.00    0.40    27  kiblnd_sd_02_03
11:58:41        0      2696    0.00    0.20    0.00    0.00    0.20    11  ptlrpcd_00_01
11:58:41        0      2697    0.00    0.20    0.00    0.00    0.20     8  ptlrpcd_00_02
11:58:41        0      2698    0.00    0.20    0.00    0.00    0.20     3  ptlrpcd_00_03
11:58:41        0      2699    0.00    0.20    0.00    0.00    0.20     4  ptlrpcd_00_04
11:58:41        0      2700    0.00    0.20    0.00    0.00    0.20     8  ptlrpcd_00_05
11:58:41        0      2701    0.00    0.20    0.00    0.00    0.20     6  ptlrpcd_00_06
11:58:41        0      2702    0.00    0.20    0.00    0.00    0.20     7  ptlrpcd_00_07
11:58:41        0      2713    0.00    0.20    0.00    0.00    0.20    12  ptlrpcd_01_06
11:58:41        0      2723    0.00    0.20    0.00    0.00    0.20    24  ptlrpcd_02_04
11:58:41        0      2724    0.00    0.20    0.00    0.00    0.20    32  ptlrpcd_02_05
11:58:41        0      2726    0.00    0.20    0.00    0.00    0.20    32  ptlrpcd_02_07
11:58:41        0      2728    0.00    0.20    0.00    0.00    0.20    24  ptlrpcd_02_09
11:58:41        0      2729    0.00    0.20    0.00    0.00    0.20    24  ptlrpcd_02_10
11:58:41        0      2730    0.00    0.20    0.00    0.00    0.20    30  ptlrpcd_02_11
11:58:41        0      2739    0.00    0.20    0.00    0.00    0.20    40  ptlrpcd_03_08
11:58:41        0      2742    0.00    0.20    0.00    0.00    0.20    40  ptlrpcd_03_11
11:58:41        0     10748    0.00    0.20    0.00    0.00    0.20    36  ldlm_bl_06
11:58:41        0     10763    0.00    0.20    0.00    0.00    0.20    29  ldlm_bl_07
11:58:41        0     12340    0.00    0.20    0.00    0.00    0.20    35  ldlm_bl_09
11:58:41        0     12342    0.00    0.20    0.00    0.00    0.20    47  ldlm_bl_11
11:58:41        0     12343    0.00    0.20    0.00    0.00    0.20     6  ldlm_bl_12
11:58:41        0     12353    0.00    0.20    0.00    0.00    0.20    13  ldlm_bl_22
11:58:41        0     12355    0.00    0.20    0.00    0.00    0.20     5  ldlm_bl_24
11:58:41        0     12358    0.00    0.20    0.00    0.00    0.20     1  ldlm_bl_27
11:58:41        0     12359    0.00    0.20    0.00    0.00    0.20    39  ldlm_bl_28
11:58:41        0     51584    0.00    0.20    0.00    0.00    0.20    17  kworker/17:0-events
11:58:41        0     98339    0.00    0.20    0.00    0.00    0.20     0  kworker/0:1-events
11:58:41        0     99277    0.20    0.00    0.00    0.00    0.20    26  slurmstepd
11:58:41    30910    102502    0.40    1.20    0.00    0.00    1.60     1  pidstat
11:58:41    30910    102503   21.00   12.60    0.00    0.00   33.60    20  python
11:58:41    30910    102504  231.80    6.40    0.00    0.00  238.20    37  java

11:58:36      UID       PID  minflt/s  majflt/s     VSZ     RSS   %MEM  Command
11:58:41        0      1427      9.60      0.00  727552   28800   0.09  node_exporter
11:58:41    30910    102503    168.00      0.00  247680   74624   0.23  python
11:58:41    30910    102504    200.20      0.00 15626752  468096   1.42  java

11:58:41      UID       PID    %usr %system  %guest   %wait    %CPU   CPU  Command
11:58:46        0        11    0.00    0.20    0.00    0.00    0.20    31  rcu_sched
11:58:46        0      1435    0.20    0.00    0.00    0.00    0.20     4  cgroups_exporte
11:58:46        0      2680    0.00    0.20    0.00    0.00    0.20    22  kiblnd_sd_01_00
11:58:46        0      2681    0.00    0.20    0.00    0.00    0.20    20  kiblnd_sd_01_01
11:58:46        0      2682    0.00    0.20    0.00    0.00    0.20    21  kiblnd_sd_01_02
11:58:46        0      2683    0.00    0.20    0.00    0.00    0.20    15  kiblnd_sd_01_03
11:58:46        0      2705    0.00    0.20    0.00    0.00    0.20     6  ptlrpcd_00_10
11:58:46        0      2706    0.00    0.20    0.00    0.00    0.20    11  ptlrpcd_00_11
11:58:46        0     12350    0.00    0.20    0.00    0.00    0.20    47  ldlm_bl_19
11:58:46        0     97618    0.00    0.20    0.00    0.00    0.20     7  kworker/u97:1-flush-259:0
11:58:46    30910    102502    0.60    1.00    0.00    0.00    1.60     1  pidstat
11:58:46    30910    102503    3.20    1.20    0.00    0.00    4.40    20  python
11:58:46    30910    102504  409.80   15.00    0.00    0.00  424.80    37  java

11:58:41      UID       PID  minflt/s  majflt/s     VSZ     RSS   %MEM  Command
11:58:46    30910    102503      0.20      0.00  247680   74624   0.23  python
11:58:46    30910    102504    455.20      0.00 25561600  568512   1.73  java

11:58:46      UID       PID    %usr %system  %guest   %wait    %CPU   CPU  Command
11:58:51        0      1458    0.00    0.40    0.00    0.00    0.40     1  NetworkManager
11:58:51      201      1732    0.20    0.00    0.00    0.00    0.20    45  telegraf
11:58:51        0      2704    0.00    0.20    0.00    0.00    0.20     1  ptlrpcd_00_09
11:58:51        0     77492    0.20    0.00    0.00    0.00    0.20    42  kworker/42:0-mm_percpu_wq
11:58:51      901     83268    0.00    0.20    0.00    0.00    0.20    29  icinga2
11:58:51        0     97957    0.00    0.20    0.00    0.00    0.20    19  kworker/u96:1-ipoib_wq
11:58:51    30910    102502    0.20    1.40    0.00    0.00    1.60     1  pidstat
11:58:51    30910    102503    1.00    0.00    0.00    0.00    1.00    20  python
11:58:51    30910    102504  492.40   13.60    0.00    0.00  506.00    37  java

11:58:46      UID       PID  minflt/s  majflt/s     VSZ     RSS   %MEM  Command
11:58:51    30910    102503      1.60      0.00  247680   74624   0.23  python
11:58:51    30910    102504    777.60      0.00 25772544  793920   2.41  java

11:58:51      UID       PID    %usr %system  %guest   %wait    %CPU   CPU  Command
11:58:56        0        11    0.00    0.20    0.00    0.20    0.20    30  rcu_sched
11:58:56        0      1427    3.00    2.80    0.00    0.00    5.80     5  node_exporter
11:58:56        0      1458    0.20    0.20    0.00    0.00    0.40     3  NetworkManager
11:58:56        0      2680    0.00    0.20    0.00    0.00    0.20    16  kiblnd_sd_01_00
11:58:56        0      2681    0.00    0.20    0.00    0.00    0.20    14  kiblnd_sd_01_01
11:58:56        0      2682    0.00    0.20    0.00    0.00    0.20    14  kiblnd_sd_01_02
11:58:56        0      2683    0.00    0.40    0.00    0.00    0.40    19  kiblnd_sd_01_03
11:58:56        0      2695    0.00    0.20    0.00    0.00    0.20    11  ptlrpcd_00_00
11:58:56        0      2715    0.00    0.20    0.00    0.00    0.20    16  ptlrpcd_01_08
11:58:56        0      2720    0.00    0.20    0.00    0.00    0.20    26  ptlrpcd_02_01
11:58:56        0     12344    0.00    0.20    0.00    0.00    0.20    29  ldlm_bl_13
11:58:56        0     12347    0.00    0.20    0.00    0.00    0.20    34  ldlm_bl_16
11:58:56        0     12351    0.00    0.20    0.00    0.00    0.20    41  ldlm_bl_20
11:58:56        0     12352    0.00    0.20    0.00    0.00    0.20    18  ldlm_bl_21
11:58:56        0     12360    0.00    0.20    0.00    0.00    0.20     5  ldlm_bl_29
11:58:56        0     48367    0.00    0.20    0.00    0.00    0.20    18  kworker/18:0-mm_percpu_wq
11:58:56    30910    102428    0.00    0.20    0.00    0.00    0.20    23  java
11:58:56    30910    102502    0.20    1.40    0.00    0.00    1.60     1  pidstat
11:58:56    30910    102504 2191.60   54.00    0.00    0.00 2245.60    37  java

11:58:51      UID       PID  minflt/s  majflt/s     VSZ     RSS   %MEM  Command
11:58:56        0      1427      6.80      0.00  727552   28352   0.09  node_exporter
11:58:56        0      3144      0.40      0.00 3216704   26432   0.08  slurmd
11:58:56    30910    102428      0.20      0.00 5531712  158720   0.48  java
11:58:56    30910    102504   2826.00      0.00 28484928 1607936   4.89  java

11:58:56      UID       PID    %usr %system  %guest   %wait    %CPU   CPU  Command
11:59:01        0        11    0.00    0.20    0.00    0.00    0.20    28  rcu_sched
11:59:01        0      1435    0.00    0.20    0.00    0.00    0.20     4  cgroups_exporte
11:59:01        0      1458    0.20    0.00    0.00    0.00    0.20     3  NetworkManager
11:59:01      201      1732    0.20    0.00    0.00    0.00    0.20    45  telegraf
11:59:01    30910    102428    0.20    0.00    0.00    0.00    0.20    23  java
11:59:01    30910    102502    0.40    1.20    0.00    0.00    1.60     1  pidstat
11:59:01    30910    102503    0.80    0.60    0.00    0.00    1.40    20  python
11:59:01    30910    102504 1229.20   33.60    0.00    0.00 1262.80    37  java

11:58:56      UID       PID  minflt/s  majflt/s     VSZ     RSS   %MEM  Command
11:59:01    30910    102503      1.00      0.00  248128   74624   0.23  python
11:59:01    30910    102504    195.00      0.00 28751168 1629440   4.95  java

11:59:01      UID       PID    %usr %system  %guest   %wait    %CPU   CPU  Command
11:59:06        0       806    0.00    0.20    0.00    0.00    0.20     9  jbd2/nvme0n1p4-
11:59:06        0      1458    0.40    0.00    0.00    0.00    0.40     2  NetworkManager
11:59:06      201      1732    0.20    0.00    0.00    0.00    0.20    45  telegraf
11:59:06        0     51887    0.20    0.00    0.00    0.00    0.20    33  kworker/33:2-mm_percpu_wq
11:59:06      901     83268    0.20    0.00    0.00    0.00    0.20    29  icinga2
11:59:06        0     97957    0.00    0.20    0.00    0.00    0.20    26  kworker/u96:1-ipoib_wq
11:59:06    30910    102502    0.20    1.40    0.00    0.00    1.60     1  pidstat
11:59:06    30910    102503    2.00    0.80    0.00    0.00    2.80    22  python
11:59:06    30910    102504  781.00   29.00    0.00    0.00  810.00    37  java

11:59:01      UID       PID  minflt/s  majflt/s     VSZ     RSS   %MEM  Command
11:59:06    30910    102503      0.20      0.00  248128   74624   0.23  python
11:59:06    30910    102504    127.40      0.00 28810560 1629120   4.95  java

11:59:06      UID       PID    %usr %system  %guest   %wait    %CPU   CPU  Command
11:59:11        0         1    0.00    0.20    0.00    0.00    0.20    33  systemd
11:59:11        0        11    0.00    0.20    0.00    0.00    0.20    27  rcu_sched
11:59:11        0      1427    5.60    0.40    0.00    0.00    6.00     6  node_exporter
11:59:11        0      1458    0.20    0.20    0.00    0.00    0.40     9  NetworkManager
11:59:11      901      1762    0.00    0.20    0.00    0.00    0.20    34  icinga2
11:59:11        0     99277    0.00    0.20    0.00    0.00    0.20    26  slurmstepd
11:59:11    30910    102502    0.60    1.00    0.00    0.00    1.60     1  pidstat
11:59:11    30910    102503    2.80    1.60    0.00    0.00    4.40    13  python
11:59:11    30910    102504  655.80   24.00    0.00    0.00  679.80    37  java

11:59:06      UID       PID  minflt/s  majflt/s     VSZ     RSS   %MEM  Command
11:59:11        0      1427      9.20      0.00  727552   30144   0.09  node_exporter
11:59:11    30910    102504     60.60      0.00 28863808 1619008   4.92  java
