Linux 4.18.0-348.23.1.el8_5.aarch64 (cna0210.deucalion.macc.fccn.pt) 	14/03/26 	_aarch64_	(48 CPU)

12:01:01      UID       PID    %usr %system  %guest   %wait    %CPU   CPU  Command
12:01:06        0        11    0.00    0.20    0.00    0.00    0.20    42  rcu_sched
12:01:06        0      1458    0.20    0.00    0.00    0.00    0.20     1  NetworkManager
12:01:06      201      1732    0.20    0.00    0.00    0.00    0.20    45  telegraf
12:01:06        0      2676    0.00    0.20    0.00    0.00    0.20     7  kiblnd_sd_00_00
12:01:06        0      2677    0.00    0.20    0.00    0.00    0.20     6  kiblnd_sd_00_01
12:01:06        0      2679    0.00    0.20    0.00    0.00    0.20     5  kiblnd_sd_00_03
12:01:06        0      2680    0.00    3.55    0.00    0.00    3.55    23  kiblnd_sd_01_00
12:01:06        0      2681    0.00    3.55    0.00    0.00    3.55    20  kiblnd_sd_01_01
12:01:06        0      2682    0.00    3.55    0.00    0.00    3.55    21  kiblnd_sd_01_02
12:01:06        0      2683    0.00    3.75    0.00    0.00    3.75    22  kiblnd_sd_01_03
12:01:06        0      2686    0.00    0.20    0.00    0.00    0.20    25  kiblnd_sd_02_02
12:01:06        0      2687    0.00    0.20    0.00    0.00    0.20    27  kiblnd_sd_02_03
12:01:06        0      2695    0.00    0.20    0.00    0.00    0.20    11  ptlrpcd_00_00
12:01:06        0      2696    0.00    0.39    0.00    0.00    0.39     4  ptlrpcd_00_01
12:01:06        0      2697    0.00    0.39    0.00    0.00    0.39     4  ptlrpcd_00_02
12:01:06        0      2698    0.00    0.20    0.00    0.00    0.20     7  ptlrpcd_00_03
12:01:06        0      2699    0.00    0.39    0.00    0.00    0.39    10  ptlrpcd_00_04
12:01:06        0      2700    0.00    0.20    0.00    0.00    0.20     4  ptlrpcd_00_05
12:01:06        0      2701    0.00    0.20    0.00    0.00    0.20    10  ptlrpcd_00_06
12:01:06        0      2702    0.00    0.20    0.00    0.00    0.20     7  ptlrpcd_00_07
12:01:06        0      2703    0.00    0.20    0.00    0.00    0.20     3  ptlrpcd_00_08
12:01:06        0      2704    0.00    0.20    0.00    0.00    0.20    10  ptlrpcd_00_09
12:01:06        0      2705    0.00    0.20    0.00    0.00    0.20     8  ptlrpcd_00_10
12:01:06        0      2706    0.00    0.20    0.00    0.00    0.20     7  ptlrpcd_00_11
12:01:06        0      2707    0.00    0.20    0.00    0.00    0.20    19  ptlrpcd_01_00
12:01:06        0      2708    0.00    0.20    0.00    0.00    0.20    13  ptlrpcd_01_01
12:01:06        0      2709    0.00    0.20    0.00    0.00    0.20    12  ptlrpcd_01_02
12:01:06        0      2710    0.00    0.20    0.00    0.00    0.20    19  ptlrpcd_01_03
12:01:06        0      2711    0.00    0.20    0.00    0.00    0.20    13  ptlrpcd_01_04
12:01:06        0      2712    0.00    0.20    0.00    0.00    0.20    15  ptlrpcd_01_05
12:01:06        0      2713    0.00    0.20    0.00    0.00    0.20    15  ptlrpcd_01_06
12:01:06        0      2714    0.00    0.20    0.00    0.00    0.20    12  ptlrpcd_01_07
12:01:06        0      2716    0.00    0.20    0.00    0.00    0.20    18  ptlrpcd_01_09
12:01:06        0      2717    0.00    0.20    0.00    0.00    0.20    15  ptlrpcd_01_10
12:01:06        0      2718    0.00    0.20    0.00    0.00    0.20    13  ptlrpcd_01_11
12:01:06        0      2719    0.00    0.20    0.00    0.00    0.20    32  ptlrpcd_02_00
12:01:06        0      2721    0.00    0.20    0.00    0.00    0.20    30  ptlrpcd_02_02
12:01:06        0      2722    0.00    0.20    0.00    0.00    0.20    29  ptlrpcd_02_03
12:01:06        0      2723    0.00    0.20    0.00    0.00    0.20    28  ptlrpcd_02_04
12:01:06        0      2724    0.00    0.20    0.00    0.00    0.20    29  ptlrpcd_02_05
12:01:06        0      2725    0.00    0.20    0.00    0.00    0.20    33  ptlrpcd_02_06
12:01:06        0      2726    0.00    0.20    0.00    0.00    0.20    32  ptlrpcd_02_07
12:01:06        0      2727    0.00    0.20    0.00    0.00    0.20    32  ptlrpcd_02_08
12:01:06        0      2728    0.00    0.20    0.00    0.00    0.20    29  ptlrpcd_02_09
12:01:06        0      2729    0.00    0.20    0.00    0.00    0.20    32  ptlrpcd_02_10
12:01:06        0      2730    0.00    0.20    0.00    0.00    0.20    30  ptlrpcd_02_11
12:01:06        0      2731    0.00    0.20    0.00    0.00    0.20    46  ptlrpcd_03_00
12:01:06        0      2732    0.00    0.20    0.00    0.00    0.20    39  ptlrpcd_03_01
12:01:06        0      2733    0.00    0.20    0.00    0.00    0.20    47  ptlrpcd_03_02
12:01:06        0      2734    0.00    0.20    0.00    0.00    0.20    36  ptlrpcd_03_03
12:01:06        0      2735    0.00    0.20    0.00    0.00    0.20    46  ptlrpcd_03_04
12:01:06        0      2736    0.00    0.20    0.00    0.00    0.20    47  ptlrpcd_03_05
12:01:06        0      2737    0.00    0.20    0.00    0.00    0.20    36  ptlrpcd_03_06
12:01:06        0      2738    0.00    0.20    0.00    0.00    0.20    46  ptlrpcd_03_07
12:01:06        0      2739    0.00    0.20    0.00    0.00    0.20    40  ptlrpcd_03_08
12:01:06        0      2740    0.00    0.20    0.00    0.00    0.20    36  ptlrpcd_03_09
12:01:06        0      2741    0.00    0.20    0.00    0.00    0.20    39  ptlrpcd_03_10
12:01:06        0      2742    0.00    0.20    0.00    0.00    0.20    40  ptlrpcd_03_11
12:01:06        0      2763    0.00    0.20    0.00    0.00    0.20    27  ldlm_bl_01
12:01:06        0      2764    0.00    0.20    0.00    0.00    0.20    23  ldlm_bl_02
12:01:06        0      3167    0.00    0.20    0.00    0.00    0.20    41  crond
12:01:06        0     10744    0.00    0.20    0.00    0.00    0.20    41  ldlm_bl_04
12:01:06        0     10747    0.00    0.20    0.00    0.00    0.20     8  ldlm_bl_05
12:01:06        0     10748    0.00    0.20    0.00    0.00    0.20    47  ldlm_bl_06
12:01:06        0     10763    0.00    0.20    0.00    0.00    0.20    11  ldlm_bl_07
12:01:06        0     12339    0.00    0.20    0.00    0.00    0.20     5  ldlm_bl_08
12:01:06        0     12340    0.00    0.20    0.00    0.00    0.20    34  ldlm_bl_09
12:01:06        0     12341    0.00    0.20    0.00    0.00    0.20     6  ldlm_bl_10
12:01:06        0     12342    0.00    0.20    0.00    0.00    0.20     2  ldlm_bl_11
12:01:06        0     12343    0.00    0.20    0.00    0.00    0.20     2  ldlm_bl_12
12:01:06        0     12344    0.00    0.20    0.00    0.00    0.20    30  ldlm_bl_13
12:01:06        0     12345    0.00    0.20    0.00    0.00    0.20    21  ldlm_bl_14
12:01:06        0     12346    0.00    0.20    0.00    0.00    0.20    31  ldlm_bl_15
12:01:06        0     12348    0.00    0.20    0.00    0.00    0.20     2  ldlm_bl_17
12:01:06        0     12349    0.00    0.20    0.00    0.00    0.20     9  ldlm_bl_18
12:01:06        0     12350    0.00    0.20    0.00    0.00    0.20    46  ldlm_bl_19
12:01:06        0     12352    0.00    0.20    0.00    0.00    0.20    18  ldlm_bl_21
12:01:06        0     12353    0.00    0.20    0.00    0.00    0.20    35  ldlm_bl_22
12:01:06        0     12354    0.00    0.20    0.00    0.00    0.20    18  ldlm_bl_23
12:01:06        0     12355    0.00    0.20    0.00    0.00    0.20    14  ldlm_bl_24
12:01:06        0     12356    0.00    0.20    0.00    0.00    0.20    44  ldlm_bl_25
12:01:06        0     12357    0.00    0.20    0.00    0.00    0.20    23  ldlm_bl_26
12:01:06        0     12358    0.00    0.20    0.00    0.00    0.20    23  ldlm_bl_27
12:01:06        0     12359    0.00    0.20    0.00    0.00    0.20    47  ldlm_bl_28
12:01:06      901     83268    0.20    0.00    0.00    0.00    0.20    29  icinga2
12:01:06        0     99277    0.00    0.20    0.00    0.00    0.20    26  slurmstepd
12:01:06        0     99290    0.20    0.00    0.00    0.00    0.20    45  kworker/u100:1-flush-lustre-ffff809789
12:01:06    30910    102428    0.20    0.00    0.00    0.00    0.20    23  java
12:01:06    30910    103199    0.59    1.18    0.00    0.00    1.78    24  pidstat
12:01:06    30910    103201    8.48    4.54    0.00    0.00   13.02    42  python
12:01:06    30910    103215  122.68   13.41    0.00    0.00  136.09    37  java

12:01:01      UID       PID  minflt/s  majflt/s     VSZ     RSS   %MEM  Command
12:01:06        0      3167      1.97      0.00   18688    5760   0.02  crond
12:01:06    30910    103199     40.63      0.00   23232   17792   0.05  pidstat
12:01:06    30910    103201    100.59      0.00   49792   37696   0.11  python
12:01:06    30910    103215    656.21      0.00 4913536  135680   0.41  java

12:01:06      UID       PID    %usr %system  %guest   %wait    %CPU   CPU  Command
12:01:11        0      1427    4.00    1.20    0.00    0.00    5.20    11  node_exporter
12:01:11        0      1458    0.00    0.20    0.00    0.00    0.20     0  NetworkManager
12:01:11        0      2680    0.00    0.20    0.00    0.00    0.20    23  kiblnd_sd_01_00
12:01:11        0      2720    0.00    0.20    0.00    0.00    0.20    26  ptlrpcd_02_01
12:01:11        0     12351    0.00    0.20    0.00    0.00    0.20    45  ldlm_bl_20
12:01:11        0     12360    0.00    0.20    0.00    0.00    0.20     5  ldlm_bl_29
12:01:11        0     51887    0.20    0.00    0.00    0.00    0.20    33  kworker/33:2-events
12:01:11        0     75940    0.20    0.00    0.00    0.00    0.20    41  kworker/41:3-mm_percpu_wq
12:01:11        0     98339    0.00    0.20    0.00    0.00    0.20     0  kworker/0:1-events
12:01:11    30910    103199    0.60    0.80    0.00    0.00    1.40    24  pidstat
12:01:11    30910    103201    0.60    0.40    0.00    0.00    1.00    42  python
12:01:11    30910    103215  259.60    9.40    0.00    0.00  269.00    37  java

12:01:06      UID       PID  minflt/s  majflt/s     VSZ     RSS   %MEM  Command
12:01:11        0      1427      9.20      0.00  727552   26752   0.08  node_exporter
12:01:11      201      1732      1.60      0.00 5656640  127680   0.39  telegraf
12:01:11    30910    103199      2.60      0.00   23232   22016   0.07  pidstat
12:01:11    30910    103201     44.20      0.00  124672   38336   0.12  python
12:01:11    30910    103215    646.00      0.00 12442624  267648   0.81  java

12:01:11      UID       PID    %usr %system  %guest   %wait    %CPU   CPU  Command
12:01:16        0        11    0.00    0.20    0.00    0.00    0.20    13  rcu_sched
12:01:16        0      1458    0.00    0.40    0.00    0.00    0.40     0  NetworkManager
12:01:16      201      1732    0.20    0.00    0.00    0.00    0.20    45  telegraf
12:01:16        0      2682    0.00    0.20    0.00    0.00    0.20    21  kiblnd_sd_01_02
12:01:16        0     97957    0.00    0.20    0.00    0.00    0.20     1  kworker/u96:1-ipoib_wq
12:01:16    30910    103199    0.60    1.20    0.00    0.00    1.80    24  pidstat
12:01:16    30910    103201    0.20    0.40    0.00    0.00    0.60    42  python
12:01:16    30910    103215  230.60    8.20    0.00    0.00  238.80    37  java

12:01:11      UID       PID  minflt/s  majflt/s     VSZ     RSS   %MEM  Command
12:01:16        0      1435      0.20      0.00 2424768   11008   0.03  cgroups_exporte
12:01:16    30910    103201      5.40      0.00  199168   38976   0.12  python
12:01:16    30910    103215    219.60      0.00 13418624  329856   1.00  java

12:01:16      UID       PID    %usr %system  %guest   %wait    %CPU   CPU  Command
12:01:21        0      2691    0.00    0.20    0.00    0.00    0.20    41  kiblnd_sd_03_03
12:01:21      901     83268    0.00    0.20    0.00    0.00    0.20    29  icinga2
12:01:21    30910    103199    0.60    1.00    0.00    0.00    1.60     0  pidstat
12:01:21    30910    103215  204.40    5.40    0.00    0.00  209.80    37  java

12:01:16      UID       PID  minflt/s  majflt/s     VSZ     RSS   %MEM  Command
12:01:21    30910    103201      0.40      0.00  199168   38976   0.12  python
12:01:21    30910    103215    706.00      0.00 13785216  532928   1.62  java

12:01:21      UID       PID    %usr %system  %guest   %wait    %CPU   CPU  Command
12:01:26        0         1    0.20    0.00    0.00    0.00    0.20    24  systemd
12:01:26        0        11    0.00    0.20    0.00    0.00    0.20    14  rcu_sched
12:01:26        0      1427    4.00    2.40    0.00    0.00    6.40    11  node_exporter
12:01:26        0      1458    0.00    0.20    0.00    0.00    0.20     2  NetworkManager
12:01:26        0      2677    0.00    0.20    0.00    0.00    0.20    11  kiblnd_sd_00_01
12:01:26        0      2678    0.00    0.20    0.00    0.00    0.20     4  kiblnd_sd_00_02
12:01:26        0      2679    0.00    0.20    0.00    0.00    0.20     3  kiblnd_sd_00_03
12:01:26        0      2680    0.00    1.20    0.00    0.00    1.20    23  kiblnd_sd_01_00
12:01:26        0      2681    0.00    1.20    0.00    0.00    1.20    22  kiblnd_sd_01_01
12:01:26        0      2682    0.00    1.20    0.00    0.00    1.20    21  kiblnd_sd_01_02
12:01:26        0      2683    0.00    1.40    0.00    0.00    1.40    20  kiblnd_sd_01_03
12:01:26        0      2684    0.00    0.40    0.00    0.00    0.40    35  kiblnd_sd_02_00
12:01:26        0      2685    0.00    0.40    0.00    0.00    0.40    24  kiblnd_sd_02_01
12:01:26        0      2686    0.00    0.40    0.00    0.00    0.40    35  kiblnd_sd_02_02
12:01:26        0      2687    0.00    0.40    0.00    0.00    0.40    31  kiblnd_sd_02_03
12:01:26        0      2695    0.00    0.20    0.00    0.00    0.20    11  ptlrpcd_00_00
12:01:26        0      2702    0.00    0.20    0.00    0.00    0.20     3  ptlrpcd_00_07
12:01:26        0      2704    0.00    0.20    0.00    0.00    0.20     5  ptlrpcd_00_09
12:01:26        0      2705    0.00    0.20    0.00    0.00    0.20     2  ptlrpcd_00_10
12:01:26        0      2706    0.00    0.20    0.00    0.00    0.20     7  ptlrpcd_00_11
12:01:26        0      2707    0.00    0.20    0.00    0.00    0.20    19  ptlrpcd_01_00
12:01:26        0      2709    0.00    0.20    0.00    0.00    0.20    22  ptlrpcd_01_02
12:01:26        0      2710    0.00    0.20    0.00    0.00    0.20    19  ptlrpcd_01_03
12:01:26        0      2715    0.00    0.20    0.00    0.00    0.20    17  ptlrpcd_01_08
12:01:26        0      2718    0.00    0.20    0.00    0.00    0.20    17  ptlrpcd_01_11
12:01:26        0      2719    0.00    0.20    0.00    0.00    0.20    24  ptlrpcd_02_00
12:01:26        0      2721    0.00    0.20    0.00    0.00    0.20    34  ptlrpcd_02_02
12:01:26        0      2722    0.00    0.20    0.00    0.00    0.20    29  ptlrpcd_02_03
12:01:26        0      2725    0.00    0.20    0.00    0.00    0.20    33  ptlrpcd_02_06
12:01:26        0      2727    0.00    0.20    0.00    0.00    0.20    24  ptlrpcd_02_08
12:01:26        0      2736    0.00    0.20    0.00    0.00    0.20    41  ptlrpcd_03_05
12:01:26        0      2763    0.00    0.20    0.00    0.00    0.20    31  ldlm_bl_01
12:01:26        0      2764    0.00    0.20    0.00    0.00    0.20    23  ldlm_bl_02
12:01:26        0      4001    0.00    0.20    0.00    0.00    0.20    26  ldlm_bl_03
12:01:26        0     10744    0.00    0.20    0.00    0.00    0.20    41  ldlm_bl_04
12:01:26        0     10747    0.00    0.20    0.00    0.00    0.20     8  ldlm_bl_05
12:01:26        0     10763    0.00    0.20    0.00    0.00    0.20    11  ldlm_bl_07
12:01:26        0     12339    0.00    0.20    0.00    0.00    0.20     5  ldlm_bl_08
12:01:26        0     12341    0.00    0.20    0.00    0.00    0.20     6  ldlm_bl_10
12:01:26        0     12345    0.00    0.20    0.00    0.00    0.20    21  ldlm_bl_14
12:01:26        0     12346    0.00    0.20    0.00    0.00    0.20    31  ldlm_bl_15
12:01:26        0     12347    0.00    0.20    0.00    0.00    0.20    34  ldlm_bl_16
12:01:26        0     12349    0.00    0.20    0.00    0.00    0.20     9  ldlm_bl_18
12:01:26        0     12354    0.00    0.20    0.00    0.00    0.20    18  ldlm_bl_23
12:01:26        0     12356    0.00    0.20    0.00    0.00    0.20    45  ldlm_bl_25
12:01:26        0     12357    0.00    0.20    0.00    0.00    0.20    23  ldlm_bl_26
12:01:26        0     12358    0.00    0.20    0.00    0.00    0.20    23  ldlm_bl_27
12:01:26        0     53293    0.00    0.20    0.00    0.00    0.20    43  kworker/43:2-mm_percpu_wq
12:01:26    30910    102428    0.20    0.00    0.00    0.00    0.20    23  java
12:01:26    30910    103199    0.40    1.00    0.00    0.00    1.40     0  pidstat
12:01:26    30910    103201   19.40   14.40    0.00    0.00   33.80    44  python
12:01:26    30910    103215  222.40    7.20    0.00    0.00  229.60    37  java

12:01:21      UID       PID  minflt/s  majflt/s     VSZ     RSS   %MEM  Command
12:01:26        0      1427      4.00      0.00  727552   29056   0.09  node_exporter
12:01:26    30910    102428      0.20      0.00 5531712  158720   0.48  java
12:01:26    30910    103201    168.00      0.00  239488   74432   0.23  python
12:01:26    30910    103215    275.60      0.00 14072320  594560   1.81  java

12:01:26      UID       PID    %usr %system  %guest   %wait    %CPU   CPU  Command
12:01:31        0      1435    0.20    0.00    0.00    0.00    0.20     4  cgroups_exporte
12:01:31        0      1458    0.20    0.20    0.00    0.00    0.40     2  NetworkManager
12:01:31      201      1732    0.20    0.00    0.00    0.00    0.20    45  telegraf
12:01:31        0      2680    0.00    0.20    0.00    0.00    0.20    12  kiblnd_sd_01_00
12:01:31        0      2681    0.00    0.40    0.00    0.00    0.40    22  kiblnd_sd_01_01
12:01:31        0      2682    0.00    0.20    0.00    0.00    0.20    21  kiblnd_sd_01_02
12:01:31        0      2683    0.00    0.20    0.00    0.00    0.20    20  kiblnd_sd_01_03
12:01:31        0      2732    0.00    0.20    0.00    0.00    0.20    40  ptlrpcd_03_01
12:01:31        0     12348    0.00    0.20    0.00    0.00    0.20    24  ldlm_bl_17
12:01:31        0     12359    0.00    0.20    0.00    0.00    0.20    39  ldlm_bl_28
12:01:31    30910    103199    0.40    1.40    0.00    0.00    1.80    12  pidstat
12:01:31    30910    103201    3.60    1.80    0.00    0.00    5.40    44  python
12:01:31    30910    103215  399.20   15.80    0.00    0.00  415.00    37  java

12:01:26      UID       PID  minflt/s  majflt/s     VSZ     RSS   %MEM  Command
12:01:31        0      1435      0.20      0.00 2424768   11008   0.03  cgroups_exporte
12:01:31    30910    103201      0.20      0.00  239488   74432   0.23  python
12:01:31    30910    103215    362.60      0.00 23872000  675840   2.05  java

12:01:31      UID       PID    %usr %system  %guest   %wait    %CPU   CPU  Command
12:01:36        0        11    0.00    0.20    0.00    0.00    0.20    18  rcu_sched
12:01:36      901     83268    0.20    0.00    0.00    0.00    0.20    29  icinga2
12:01:36        0     98004    0.20    0.00    0.00    0.00    0.20    46  kworker/u100:3-events_unbound
12:01:36    30910    103199    1.00    0.80    0.00    0.00    1.80    16  pidstat
12:01:36    30910    103201    0.00    0.20    0.00    0.00    0.20    44  python
12:01:36    30910    103215  633.93   15.57    0.00    0.00  649.50    37  java

12:01:31      UID       PID  minflt/s  majflt/s     VSZ     RSS   %MEM  Command
12:01:36    30910    103201      1.20      0.00  239488   74432   0.23  python
12:01:36    30910    103215    446.11      0.00 27800064  778240   2.36  java

12:01:36      UID       PID    %usr %system  %guest   %wait    %CPU   CPU  Command
12:01:41        0      1427    3.60    0.80    0.00    0.00    4.40    43  node_exporter
12:01:41        0      1458    0.00    0.40    0.00    0.00    0.40     0  NetworkManager
12:01:41      201      1732    0.20    0.00    0.00    0.00    0.20    45  telegraf
12:01:41        0      2680    0.00    0.20    0.00    0.00    0.20    22  kiblnd_sd_01_00
12:01:41        0      2682    0.00    0.20    0.00    0.00    0.20    21  kiblnd_sd_01_02
12:01:41        0      2683    0.00    0.20    0.00    0.00    0.20    20  kiblnd_sd_01_03
12:01:41        0      2701    0.00    0.20    0.00    0.00    0.20     2  ptlrpcd_00_06
12:01:41        0      2712    0.00    0.20    0.00    0.00    0.20    15  ptlrpcd_01_05
12:01:41        0      2738    0.00    0.20    0.00    0.00    0.20    46  ptlrpcd_03_07
12:01:41        0      2741    0.00    0.20    0.00    0.00    0.20    36  ptlrpcd_03_10
12:01:41        0     12342    0.00    0.20    0.00    0.00    0.20     2  ldlm_bl_11
12:01:41        0     12355    0.00    0.20    0.00    0.00    0.20    23  ldlm_bl_24
12:01:41        0     97957    0.00    0.20    0.00    0.00    0.20     7  kworker/u96:1-mlx5_cmd_0000:05:00.0
12:01:41        0     98282    0.20    0.00    0.00    0.00    0.20     8  kworker/8:2-mm_percpu_wq
12:01:41    30910    103199    0.00    1.60    0.00    0.00    1.60    18  pidstat
12:01:41    30910    103215 2149.80   46.80    0.00    0.00 2196.60    37  java

12:01:36      UID       PID  minflt/s  majflt/s     VSZ     RSS   %MEM  Command
12:01:41        0      1427      8.40      0.00  727552   29056   0.09  node_exporter
12:01:41    30910    103215   2980.80      0.00 28711232 1603648   4.87  java

12:01:41      UID       PID    %usr %system  %guest   %wait    %CPU   CPU  Command
12:01:46        0        11    0.00    0.20    0.00    0.00    0.20    21  rcu_sched
12:01:46        0       806    0.00    0.20    0.00    0.00    0.20     7  jbd2/nvme0n1p4-
12:01:46        0      1458    0.00    0.20    0.00    0.00    0.20     8  NetworkManager
12:01:46      201      1732    0.20    0.00    0.00    0.00    0.20    45  telegraf
12:01:46      901      1762    0.00    0.20    0.00    0.00    0.20    28  icinga2
12:01:46        0     99277    0.00    0.20    0.00    0.00    0.20    26  slurmstepd
12:01:46    30910    102428    0.00    0.20    0.00    0.00    0.20    23  java
12:01:46    30910    103199    0.00    1.60    0.00    0.00    1.60    18  pidstat
12:01:46    30910    103201    1.20    0.60    0.00    0.00    1.80    44  python
12:01:46    30910    103215 1085.80   21.40    0.00    0.00 1107.20    37  java

12:01:41      UID       PID  minflt/s  majflt/s     VSZ     RSS   %MEM  Command
12:01:46        0      1435      2.20      0.00 2424768   11008   0.03  cgroups_exporte
12:01:46    30910    103201      1.20      0.00  239936   74432   0.23  python
12:01:46    30910    103215    289.80      0.00 28807488 1639488   4.98  java

12:01:46      UID       PID    %usr %system  %guest   %wait    %CPU   CPU  Command
12:01:51        0       309    0.00    0.20    0.00    0.00    0.20    12  kworker/12:1-events
12:01:51        0      1458    0.40    0.00    0.00    0.00    0.40     1  NetworkManager
12:01:51        0      2676    0.00    0.20    0.00    0.00    0.20     7  kiblnd_sd_00_00
12:01:51        0      2681    0.00    0.20    0.00    0.00    0.20    23  kiblnd_sd_01_01
12:01:51        0      2689    0.00    0.20    0.00    0.00    0.20    36  kiblnd_sd_03_01
12:01:51        0      2703    0.00    0.20    0.00    0.00    0.20    10  ptlrpcd_00_08
12:01:51        0      2734    0.00    0.20    0.00    0.00    0.20    37  ptlrpcd_03_03
12:01:51        0     51887    0.20    0.00    0.00    0.00    0.20    33  kworker/33:2-events
12:01:51        0    101417    0.20    0.00    0.00    0.00    0.20    11  kworker/u97:2-flush-259:0
12:01:51    30910    103199    0.20    1.40    0.00    0.00    1.60    18  pidstat
12:01:51    30910    103201    2.40    0.60    0.00    0.00    3.00    38  python
12:01:51    30910    103215  792.20   25.40    0.00    0.00  817.60    37  java

12:01:46      UID       PID  minflt/s  majflt/s     VSZ     RSS   %MEM  Command
12:01:51    30910    103215     93.80      0.00 28850496 1660928   5.05  java

12:01:51      UID       PID    %usr %system  %guest   %wait    %CPU   CPU  Command
12:01:56        0        11    0.00    0.20    0.00    0.00    0.20     9  rcu_sched
12:01:56        0       207    0.00    0.20    0.00    0.00    0.20    32  ksoftirqd/32
12:01:56        0      1427    4.00    1.80    0.00    0.00    5.80     6  node_exporter
12:01:56        0      1458    0.20    0.20    0.00    0.00    0.40     1  NetworkManager
12:01:56      201      1732    0.20    0.00    0.00    0.00    0.20    45  telegraf
12:01:56        0      2680    0.00    0.20    0.00    0.00    0.20    20  kiblnd_sd_01_00
12:01:56        0      2726    0.00    0.20    0.00    0.00    0.20    26  ptlrpcd_02_07
12:01:56        0     12362    0.20    0.00    0.00    0.00    0.20     9  kworker/9:0-events
12:01:56      901     83268    0.20    0.00    0.00    0.00    0.20    29  icinga2
12:01:56        0     97957    0.00    0.20    0.00    0.00    0.20    10  kworker/u96:1-mlx5_cmd_0000:05:00.0
12:01:56        0     99277    0.20    0.00    0.00    0.00    0.20    26  slurmstepd
12:01:56    30910    102428    0.20    0.00    0.00    0.00    0.20    23  java
12:01:56    30910    103199    0.60    1.00    0.00    0.00    1.60    18  pidstat
12:01:56    30910    103215  640.40   23.40    0.00    0.00  663.80    37  java
12:01:56        0    103846   27.60    3.00    0.00    0.00   30.60    24  nhc

12:01:51      UID       PID  minflt/s  majflt/s     VSZ     RSS   %MEM  Command
12:01:56        0      1427      7.40      0.00  727552   30464   0.09  node_exporter
12:01:56        0      3144     11.20      0.00 3216704   26432   0.08  slurmd
12:01:56    30910     99288      0.60      0.00   18560    6336   0.02  bash
12:01:56    30910    102428      0.20      0.00 5531712  158720   0.48  java
12:01:56    30910    103215     99.60      0.00 28320064 1285376   3.91  java
12:01:56        0    103846     60.80      0.00   16704    6784   0.02  nhc
12:01:56        0    103848     20.60      0.00   15808    4608   0.01  nhc
12:01:56        0    103849     15.40      0.00    2624    1024   0.00  sleep

12:01:56      UID       PID    %usr %system  %guest   %wait    %CPU   CPU  Command
12:02:01        0      1435    0.20    0.00    0.00    0.00    0.20     4  cgroups_exporte
12:02:01        0      1458    0.60    1.00    0.00    0.00    1.60     2  NetworkManager
12:02:01        0      1590    0.00    0.20    0.00    0.00    0.20    38  sssd_nss
12:02:01      201      1732    0.20    0.00    0.00    0.00    0.20    45  telegraf
12:02:01      201      2388    0.00    0.20    0.00    0.00    0.20    16  A64FX_IB
12:02:01    30910    103199    0.40    1.20    0.00    0.00    1.60    18  pidstat

12:01:56      UID       PID  minflt/s  majflt/s     VSZ     RSS   %MEM  Command
12:02:01        0      1435      0.20      0.00 2424768   10048   0.03  cgroups_exporte
12:02:01        0      3144      1.20      0.00 3216704   26432   0.08  slurmd

12:02:01      UID       PID    %usr %system  %guest   %wait    %CPU   CPU  Command
12:02:06        0      1458    0.40    0.20    0.00    0.00    0.60     3  NetworkManager
12:02:06      201      1732    1.40    0.00    0.00    0.00    1.40    45  telegraf
12:02:06    30910    103199    0.20    1.40    0.00    0.00    1.60    18  pidstat

12:02:01      UID       PID  minflt/s  majflt/s     VSZ     RSS   %MEM  Command
12:02:06      201      1732      0.20      0.00 5656640  127296   0.39  telegraf
12:02:06        0      3167      0.40      0.00   18688    5760   0.02  crond
12:02:06      901     83365      5.60      0.00 1176064   18368   0.06  icinga2

12:02:06      UID       PID    %usr %system  %guest   %wait    %CPU   CPU  Command
12:02:11        0        11    0.00    0.20    0.00    0.00    0.20     0  rcu_sched
12:02:11        0      1427    6.00    0.00    0.00    0.00    6.00     6  node_exporter
12:02:11        0      1458    0.20    0.00    0.00    0.00    0.20     3  NetworkManager
12:02:11      901     83268    0.20    0.00    0.00    0.00    0.20    29  icinga2
12:02:11        0     98339    0.00    0.20    0.00    0.00    0.20     0  kworker/0:1-events
12:02:11    30910    103199    0.60    1.00    0.00    0.00    1.60    18  pidstat

12:02:06      UID       PID  minflt/s  majflt/s     VSZ     RSS   %MEM  Command
12:02:11        0      1427      7.00      0.00  727552   30336   0.09  node_exporter

12:02:11      UID       PID    %usr %system  %guest   %wait    %CPU   CPU  Command
12:02:16        0      1435    0.20    0.00    0.00    0.00    0.20     4  cgroups_exporte
12:02:16        0      1458    0.00    0.20    0.00    0.00    0.20     3  NetworkManager
12:02:16        0      2682    0.00    0.20    0.00    0.00    0.20    21  kiblnd_sd_01_02
12:02:16        0      2698    0.00    0.20    0.00    0.00    0.20     4  ptlrpcd_00_03
12:02:16        0      2700    0.00    0.20    0.00    0.00    0.20     6  ptlrpcd_00_05
12:02:16    30910    103199    0.20    1.40    0.00    0.00    1.60    18  pidstat

12:02:11      UID       PID  minflt/s  majflt/s     VSZ     RSS   %MEM  Command
12:02:16        0      1435      2.00      0.00 2424768   10048   0.03  cgroups_exporte

12:02:16      UID       PID    %usr %system  %guest   %wait    %CPU   CPU  Command
12:02:21        0        11    0.00    0.20    0.00    0.00    0.20    11  rcu_sched
12:02:21        0      1458    0.00    0.20    0.00    0.00    0.20     3  NetworkManager
12:02:21      201      1732    0.20    0.00    0.00    0.00    0.20    45  telegraf
12:02:21    30910    103199    0.40    1.40    0.00    0.00    1.80    18  pidstat

12:02:16      UID       PID  minflt/s  majflt/s     VSZ     RSS   %MEM  Command
12:02:21      901     83365      5.40      0.00 1176064   18368   0.06  icinga2
12:02:21      901    103908     37.00      0.00   11520    3072   0.01  check_ntp_time

12:02:21      UID       PID    %usr %system  %guest   %wait    %CPU   CPU  Command
12:02:26        0      1427    6.00    0.00    0.00    0.00    6.00     6  node_exporter
12:02:26        0      1458    0.00    0.20    0.00    0.00    0.20     3  NetworkManager
12:02:26    30910    103199    0.40    1.20    0.00    0.00    1.60    18  pidstat

12:02:21      UID       PID  minflt/s  majflt/s     VSZ     RSS   %MEM  Command
12:02:26        0      1427      9.80      0.00  727552   29440   0.09  node_exporter
12:02:26    30910    102428      0.20      0.00 5531712  158720   0.48  java

12:02:26      UID       PID    %usr %system  %guest   %wait    %CPU   CPU  Command
12:02:31        0      1435    0.00    0.40    0.00    0.00    0.40     4  cgroups_exporte
12:02:31        0      1458    0.20    0.20    0.00    0.00    0.40     3  NetworkManager
12:02:31      201      1732    0.20    0.00    0.00    0.00    0.20    45  telegraf
12:02:31        0     97957    0.00    0.20    0.00    0.00    0.20    38  kworker/u96:1-mlx5_cmd_0000:05:00.0
12:02:31    30910    102428    0.00    0.20    0.00    0.00    0.20    23  java
12:02:31    30910    103199    0.60    1.00    0.00    0.00    1.60    18  pidstat

12:02:26      UID       PID  minflt/s  majflt/s     VSZ     RSS   %MEM  Command
12:02:31        0      1435      2.40      0.00 2424768    9536   0.03  cgroups_exporte

12:02:31      UID       PID    %usr %system  %guest   %wait    %CPU   CPU  Command
12:02:36        0        11    0.00    0.20    0.00    0.00    0.20    10  rcu_sched
12:02:36      901     83268    0.20    0.00    0.00    0.00    0.20    29  icinga2
12:02:36    30910    103199    0.00    1.60    0.00    0.00    1.60    18  pidstat

12:02:31      UID       PID  minflt/s  majflt/s     VSZ     RSS   %MEM  Command

12:02:36      UID       PID    %usr %system  %guest   %wait    %CPU   CPU  Command
12:02:41        0      1427    4.60    1.80    0.00    0.00    6.40     0  node_exporter
12:02:41        0      1458    0.00    0.20    0.00    0.00    0.20     3  NetworkManager
12:02:41      201      1732    0.20    0.00    0.00    0.00    0.20    45  telegraf
12:02:41        0      2692    0.20    0.00    0.00    0.00    0.20    41  monitor_thread
12:02:41        0      2696    0.00    0.20    0.00    0.00    0.20     3  ptlrpcd_00_01
12:02:41        0      2697    0.00    0.20    0.00    0.00    0.20     2  ptlrpcd_00_02
12:02:41        0     51888    0.20    0.00    0.00    0.00    0.20    46  kworker/46:0-mm_percpu_wq
12:02:41        0     51889    0.00    0.20    0.00    0.00    0.20    34  kworker/34:2-events
12:02:41        0     67105    0.00    0.20    0.00    0.00    0.20     3  kworker/3:1-mm_percpu_wq
12:02:41    30910    103199    0.20    1.40    0.00    0.00    1.60    18  pidstat

12:02:36      UID       PID  minflt/s  majflt/s     VSZ     RSS   %MEM  Command
12:02:41        0      1427      9.00      0.00  727552   29632   0.09  node_exporter
