Linux 4.18.0-348.23.1.el8_5.aarch64 (cna0210.deucalion.macc.fccn.pt) 	14/03/26 	_aarch64_	(48 CPU)

13:57:35      UID       PID    %usr %system  %guest   %wait    %CPU   CPU  Command
13:57:40        0       750    0.00    0.20    0.00    0.00    0.20    16  kworker/u98:3-flush-lustre-ffff809789
13:57:40        0      2678    0.00    0.20    0.00    0.00    0.20     7  kiblnd_sd_00_02
13:57:40        0      2680    0.00    3.73    0.00    0.00    3.73    12  kiblnd_sd_01_00
13:57:40        0      2681    0.00    3.34    0.00    0.00    3.34    15  kiblnd_sd_01_01
13:57:40        0      2682    0.00    3.54    0.00    0.00    3.54    14  kiblnd_sd_01_02
13:57:40        0      2683    0.00    3.54    0.00    0.00    3.54    14  kiblnd_sd_01_03
13:57:40        0      2684    0.00    0.20    0.00    0.00    0.20    27  kiblnd_sd_02_00
13:57:40        0      2685    0.00    0.20    0.00    0.00    0.20    35  kiblnd_sd_02_01
13:57:40        0      2686    0.00    0.20    0.00    0.20    0.20    31  kiblnd_sd_02_02
13:57:40        0      2687    0.00    0.20    0.00    0.00    0.20    29  kiblnd_sd_02_03
13:57:40        0      2695    0.00    0.20    0.00    0.00    0.20     4  ptlrpcd_00_00
13:57:40        0      2696    0.00    0.20    0.00    0.00    0.20     6  ptlrpcd_00_01
13:57:40        0      2697    0.00    0.20    0.00    0.00    0.20     3  ptlrpcd_00_02
13:57:40        0      2698    0.00    0.20    0.00    0.00    0.20     2  ptlrpcd_00_03
13:57:40        0      2700    0.00    0.20    0.00    0.00    0.20     6  ptlrpcd_00_05
13:57:40        0      2703    0.00    0.20    0.00    0.00    0.20     6  ptlrpcd_00_08
13:57:40        0      2705    0.00    0.20    0.00    0.00    0.20    10  ptlrpcd_00_10
13:57:40        0      2708    0.00    0.20    0.00    0.00    0.20    15  ptlrpcd_01_01
13:57:40        0      2710    0.00    0.20    0.00    0.00    0.20    16  ptlrpcd_01_03
13:57:40        0      2711    0.00    0.20    0.00    0.00    0.20    23  ptlrpcd_01_04
13:57:40        0      2712    0.00    0.20    0.00    0.00    0.20    14  ptlrpcd_01_05
13:57:40        0      2714    0.00    0.20    0.00    0.00    0.20    21  ptlrpcd_01_07
13:57:40        0      2716    0.00    0.20    0.00    0.00    0.20    16  ptlrpcd_01_09
13:57:40        0      2717    0.00    0.20    0.00    0.00    0.20    21  ptlrpcd_01_10
13:57:40        0      2718    0.00    0.20    0.00    0.00    0.20    19  ptlrpcd_01_11
13:57:40        0      2719    0.00    0.39    0.00    0.00    0.39    30  ptlrpcd_02_00
13:57:40        0      2720    0.00    0.20    0.00    0.00    0.20    32  ptlrpcd_02_01
13:57:40        0      2721    0.00    0.20    0.00    0.00    0.20    25  ptlrpcd_02_02
13:57:40        0      2722    0.00    0.20    0.00    0.00    0.20    33  ptlrpcd_02_03
13:57:40        0      2723    0.00    0.20    0.00    0.00    0.20    29  ptlrpcd_02_04
13:57:40        0      2724    0.00    0.20    0.00    0.00    0.20    31  ptlrpcd_02_05
13:57:40        0      2725    0.00    0.20    0.00    0.00    0.20    32  ptlrpcd_02_06
13:57:40        0      2726    0.00    0.20    0.00    0.00    0.20    28  ptlrpcd_02_07
13:57:40        0      2727    0.00    0.20    0.00    0.00    0.20    25  ptlrpcd_02_08
13:57:40        0      2728    0.00    0.20    0.00    0.00    0.20    33  ptlrpcd_02_09
13:57:40        0      2729    0.00    0.20    0.00    0.00    0.20    31  ptlrpcd_02_10
13:57:40        0      2730    0.00    0.20    0.00    0.00    0.20    32  ptlrpcd_02_11
13:57:40        0      2731    0.00    0.20    0.00    0.00    0.20    47  ptlrpcd_03_00
13:57:40        0      2732    0.00    0.39    0.00    0.00    0.39    40  ptlrpcd_03_01
13:57:40        0      2733    0.00    0.20    0.00    0.00    0.20    46  ptlrpcd_03_02
13:57:40        0      2734    0.00    0.39    0.00    0.00    0.39    43  ptlrpcd_03_03
13:57:40        0      2735    0.00    0.20    0.00    0.00    0.20    38  ptlrpcd_03_04
13:57:40        0      2736    0.00    0.39    0.00    0.00    0.39    47  ptlrpcd_03_05
13:57:40        0      2737    0.00    0.20    0.00    0.00    0.20    43  ptlrpcd_03_06
13:57:40        0      2738    0.00    0.39    0.00    0.00    0.39    42  ptlrpcd_03_07
13:57:40        0      2739    0.00    0.20    0.00    0.00    0.20    46  ptlrpcd_03_08
13:57:40        0      2740    0.00    0.20    0.00    0.00    0.20    42  ptlrpcd_03_09
13:57:40        0      2741    0.00    0.39    0.00    0.00    0.39    38  ptlrpcd_03_10
13:57:40        0      2742    0.00    0.20    0.00    0.00    0.20    47  ptlrpcd_03_11
13:57:40        0      4001    0.00    0.20    0.00    0.00    0.20     8  ldlm_bl_03
13:57:40        0     10747    0.00    0.20    0.00    0.00    0.20    44  ldlm_bl_05
13:57:40        0     10748    0.00    0.20    0.00    0.00    0.20    11  ldlm_bl_06
13:57:40        0     12339    0.00    0.20    0.00    0.00    0.20    29  ldlm_bl_08
13:57:40        0     12340    0.00    0.20    0.00    0.00    0.20    34  ldlm_bl_09
13:57:40        0     12343    0.00    0.20    0.00    0.00    0.20    34  ldlm_bl_12
13:57:40        0     12344    0.00    0.20    0.00    0.00    0.20    20  ldlm_bl_13
13:57:40        0     12345    0.00    0.20    0.00    0.00    0.20    11  ldlm_bl_14
13:57:40        0     12346    0.00    0.20    0.00    0.00    0.20     1  ldlm_bl_15
13:57:40        0     12348    0.00    0.20    0.00    0.00    0.20    30  ldlm_bl_17
13:57:40        0     12349    0.00    0.20    0.00    0.00    0.20    27  ldlm_bl_18
13:57:40        0     12352    0.00    0.20    0.00    0.00    0.20    34  ldlm_bl_21
13:57:40        0     12353    0.00    0.20    0.00    0.00    0.20    11  ldlm_bl_22
13:57:40        0     12354    0.00    0.20    0.00    0.00    0.20    33  ldlm_bl_23
13:57:40        0     12355    0.00    0.20    0.00    0.00    0.20    40  ldlm_bl_24
13:57:40        0     12357    0.00    0.20    0.00    0.00    0.20    10  ldlm_bl_26
13:57:40        0     12360    0.00    0.20    0.00    0.00    0.20    11  ldlm_bl_29
13:57:40        0     77499    0.20    0.00    0.00    0.00    0.20    24  kworker/24:3-events
13:57:40        0    104767    0.00    0.20    0.00    0.00    0.20    37  ldlm_bl_31
13:57:40        0    104769    0.00    0.20    0.00    0.00    0.20    27  ldlm_bl_33
13:57:40        0    104772    0.00    0.20    0.00    0.00    0.20    41  ldlm_bl_36
13:57:40        0    104773    0.00    0.20    0.00    0.00    0.20    39  ldlm_bl_37
13:57:40        0    104775    0.00    0.20    0.00    0.00    0.20    20  ldlm_bl_39
13:57:40        0    104777    0.00    0.20    0.00    0.00    0.20    27  ldlm_bl_41
13:57:40        0    104778    0.00    0.20    0.00    0.00    0.20    45  ldlm_bl_42
13:57:40        0    104781    0.00    0.20    0.00    0.00    0.20    20  ldlm_bl_45
13:57:40        0    104782    0.00    0.20    0.00    0.00    0.20    45  ldlm_bl_46
13:57:40        0    104783    0.00    0.20    0.00    0.00    0.20    43  ldlm_bl_47
13:57:40    30910    112992    0.79    0.79    0.00    0.00    1.57    17  pidstat
13:57:40    30910    112993    8.25    5.30    0.00    0.00   13.56    20  python
13:57:40    30910    112994  115.72   15.32    0.00    0.00  131.04    13  java

13:57:35      UID       PID  minflt/s  majflt/s     VSZ     RSS   %MEM  Command
13:57:40    30910    112992     41.26      0.00   23616   17792   0.05  pidstat
13:57:40    30910    112993    102.75      0.00   57856   37632   0.11  python
13:57:40    30910    112994    638.90      0.00 4913536  130112   0.40  java

13:57:40      UID       PID    %usr %system  %guest   %wait    %CPU   CPU  Command
13:57:45        0        11    0.00    0.20    0.00    0.00    0.20     2  rcu_sched
13:57:45        0       806    0.00    0.20    0.00    0.00    0.20     3  jbd2/nvme0n1p4-
13:57:45        0      1427    5.00    1.20    0.00    0.00    6.20     7  node_exporter
13:57:45        0      1458    0.20    0.00    0.00    0.00    0.20     1  NetworkManager
13:57:45      201      1732    0.20    0.00    0.00    0.00    0.20    45  telegraf
13:57:45        0      2681    0.00    0.20    0.00    0.00    0.20    14  kiblnd_sd_01_01
13:57:45        0      2682    0.00    0.20    0.00    0.00    0.20    22  kiblnd_sd_01_02
13:57:45        0      2683    0.00    0.20    0.00    0.00    0.20    13  kiblnd_sd_01_03
13:57:45        0      2686    0.00    0.20    0.00    0.00    0.20    31  kiblnd_sd_02_02
13:57:45        0      2699    0.00    0.20    0.00    0.00    0.20     9  ptlrpcd_00_04
13:57:45        0    109085    0.00    0.20    0.00    0.00    0.20     2  kworker/u96:0-ipoib_wq
13:57:45    30910    112992    0.20    1.60    0.00    0.00    1.80    17  pidstat
13:57:45    30910    112993    0.40    0.80    0.00    0.00    1.20    21  python
13:57:45    30910    112994  277.60    9.60    0.00    0.00  287.20    13  java

13:57:40      UID       PID  minflt/s  majflt/s     VSZ     RSS   %MEM  Command
13:57:45        0      1427      8.00      0.00  727808   25600   0.08  node_exporter
13:57:45    30910    112992      2.60      0.00   23616   22016   0.07  pidstat
13:57:45    30910    112993     43.00      0.00  132736   38272   0.12  python
13:57:45    30910    112994    706.80      0.00 12510336  280448   0.85  java

13:57:45      UID       PID    %usr %system  %guest   %wait    %CPU   CPU  Command
13:57:50        0       321    0.20    0.00    0.00    0.00    0.20    22  kworker/22:1-mm_percpu_wq
13:57:50        0       922    0.00    0.20    0.00    0.00    0.20    23  kworker/23:2-mm_percpu_wq
13:57:50        0      1458    0.20    0.00    0.00    0.00    0.20     1  NetworkManager
13:57:50        0      2679    0.00    0.20    0.00    0.00    0.20     7  kiblnd_sd_00_03
13:57:50        0      2691    0.00    0.20    0.00    0.00    0.20    45  kiblnd_sd_03_03
13:57:50        0      2702    0.00    0.20    0.00    0.00    0.20     1  ptlrpcd_00_07
13:57:50        0      2704    0.00    0.20    0.00    0.00    0.20     1  ptlrpcd_00_09
13:57:50    30910    112992    0.60    1.00    0.00    0.00    1.60    17  pidstat
13:57:50    30910    112993    0.40    0.00    0.00    0.00    0.40    26  python
13:57:50    30910    112994  256.00    7.00    0.00    0.00  263.00    13  java

13:57:45      UID       PID  minflt/s  majflt/s     VSZ     RSS   %MEM  Command
13:57:50    30910    112993      6.80      0.00  207232   38976   0.12  python
13:57:50    30910    112994    231.80      0.00 13426816  337344   1.03  java

13:57:50      UID       PID    %usr %system  %guest   %wait    %CPU   CPU  Command
13:57:55        0        11    0.00    0.20    0.00    0.00    0.20    13  rcu_sched
13:57:55        0      1458    0.00    0.20    0.00    0.00    0.20     1  NetworkManager
13:57:55      201      1732    0.20    0.00    0.00    0.00    0.20    45  telegraf
13:57:55        0      2356    0.00    0.20    0.00    0.00    0.20    42  automount
13:57:55        0      2680    0.00    0.20    0.00    0.00    0.20    14  kiblnd_sd_01_00
13:57:55        0      2681    0.00    0.20    0.00    0.00    0.20    18  kiblnd_sd_01_01
13:57:55        0      2682    0.00    0.20    0.00    0.00    0.20    21  kiblnd_sd_01_02
13:57:55        0      2706    0.00    0.20    0.00    0.00    0.20     3  ptlrpcd_00_11
13:57:55        0      2721    0.00    0.20    0.00    0.00    0.20    28  ptlrpcd_02_02
13:57:55        0      2739    0.00    0.20    0.00    0.00    0.20    46  ptlrpcd_03_08
13:57:55        0     12350    0.00    0.20    0.00    0.00    0.20    26  ldlm_bl_19
13:57:55        0     12356    0.00    0.20    0.00    0.00    0.20    11  ldlm_bl_25
13:57:55      901     83268    0.20    0.00    0.00    0.00    0.20    27  icinga2
13:57:55    30910    112992    0.40    1.20    0.00    0.00    1.60    17  pidstat
13:57:55    30910    112993    0.00    0.20    0.00    0.00    0.20    26  python
13:57:55    30910    112994  210.60    6.00    0.00    0.00  216.60    13  java

13:57:50      UID       PID  minflt/s  majflt/s     VSZ     RSS   %MEM  Command
13:57:55    30910    112993      1.00      0.00  207232   38976   0.12  python
13:57:55    30910    112994    567.00      0.00 13725824  508224   1.54  java

13:57:55      UID       PID    %usr %system  %guest   %wait    %CPU   CPU  Command
13:58:00        0      1427    5.20    1.40    0.00    0.00    6.60     7  node_exporter
13:58:00        0      1435    0.40    0.20    0.00    0.00    0.60    18  cgroups_exporte
13:58:00        0      1458    0.20    0.20    0.00    0.00    0.40     2  NetworkManager
13:58:00      201      1732    0.20    0.00    0.00    0.00    0.20    45  telegraf
13:58:00        0      2676    0.00    0.20    0.00    0.00    0.20    11  kiblnd_sd_00_00
13:58:00        0      2677    0.00    0.20    0.00    0.00    0.20     0  kiblnd_sd_00_01
13:58:00        0      2678    0.00    0.20    0.00    0.00    0.20     7  kiblnd_sd_00_02
13:58:00        0      2680    0.00    1.20    0.00    0.00    1.20    21  kiblnd_sd_01_00
13:58:00        0      2681    0.00    1.20    0.00    0.00    1.20    18  kiblnd_sd_01_01
13:58:00        0      2682    0.00    1.20    0.00    0.00    1.20    22  kiblnd_sd_01_02
13:58:00        0      2683    0.00    1.20    0.00    0.00    1.20    23  kiblnd_sd_01_03
13:58:00        0      2684    0.00    0.40    0.00    0.00    0.40    35  kiblnd_sd_02_00
13:58:00        0      2685    0.00    0.40    0.00    0.00    0.40    25  kiblnd_sd_02_01
13:58:00        0      2686    0.00    0.40    0.00    0.00    0.40    35  kiblnd_sd_02_02
13:58:00        0      2687    0.00    0.40    0.00    0.00    0.40    31  kiblnd_sd_02_03
13:58:00        0      2701    0.00    0.20    0.00    0.00    0.20     9  ptlrpcd_00_06
13:58:00        0      2713    0.00    0.20    0.00    0.00    0.20    15  ptlrpcd_01_06
13:58:00        0      2722    0.00    0.20    0.00    0.00    0.20    24  ptlrpcd_02_03
13:58:00        0      2727    0.00    0.20    0.00    0.00    0.20    27  ptlrpcd_02_08
13:58:00        0      2730    0.00    0.20    0.00    0.00    0.20    32  ptlrpcd_02_11
13:58:00        0      2731    0.00    0.20    0.00    0.00    0.20    47  ptlrpcd_03_00
13:58:00        0      2733    0.00    0.20    0.00    0.00    0.20    46  ptlrpcd_03_02
13:58:00        0      2735    0.00    0.20    0.00    0.00    0.20    38  ptlrpcd_03_04
13:58:00        0      2737    0.00    0.20    0.00    0.00    0.20    43  ptlrpcd_03_06
13:58:00        0      2740    0.00    0.20    0.00    0.00    0.20    40  ptlrpcd_03_09
13:58:00        0      2742    0.00    0.20    0.00    0.00    0.20    47  ptlrpcd_03_11
13:58:00        0      2763    0.00    0.20    0.00    0.00    0.20    44  ldlm_bl_01
13:58:00        0      2764    0.00    0.20    0.00    0.00    0.20    38  ldlm_bl_02
13:58:00        0     10744    0.00    0.20    0.00    0.00    0.20    30  ldlm_bl_04
13:58:00        0     12347    0.00    0.20    0.00    0.00    0.20    38  ldlm_bl_16
13:58:00        0     12351    0.00    0.20    0.00    0.00    0.20    37  ldlm_bl_20
13:58:00        0     12358    0.00    0.20    0.00    0.00    0.20    45  ldlm_bl_27
13:58:00        0     12359    0.00    0.20    0.00    0.00    0.20    30  ldlm_bl_28
13:58:00        0    104770    0.00    0.20    0.00    0.00    0.20    30  ldlm_bl_34
13:58:00        0    104771    0.00    0.20    0.00    0.00    0.20     0  ldlm_bl_35
13:58:00        0    104774    0.00    0.20    0.00    0.00    0.20    30  ldlm_bl_38
13:58:00        0    104776    0.00    0.20    0.00    0.00    0.20    22  ldlm_bl_40
13:58:00        0    104779    0.00    0.20    0.00    0.00    0.20    21  ldlm_bl_43
13:58:00        0    104780    0.00    0.20    0.00    0.00    0.20    42  ldlm_bl_44
13:58:00    30910    112992    0.40    1.20    0.00    0.00    1.60    17  pidstat
13:58:00    30910    112993   22.20   12.60    0.00    0.00   34.80    28  python
13:58:00    30910    112994  200.80    6.60    0.00    0.00  207.40    13  java

13:57:55      UID       PID  minflt/s  majflt/s     VSZ     RSS   %MEM  Command
13:58:00        0      1427     10.40      0.00  727808   26368   0.08  node_exporter
13:58:00        0      1435      2.40      0.00 2424768   11712   0.04  cgroups_exporte
13:58:00      201      1732      0.20      0.00 5656640  125568   0.38  telegraf
13:58:00    30910    112993    167.40      0.00  247680   74560   0.23  python
13:58:00    30910    112994    387.00      0.00 14748160  600704   1.83  java

13:58:00      UID       PID    %usr %system  %guest   %wait    %CPU   CPU  Command
13:58:05        0         1    0.00    0.20    0.00    0.00    0.20    33  systemd
13:58:05        0        11    0.00    0.20    0.00    0.00    0.20    36  rcu_sched
13:58:05        0      1427    0.00    0.20    0.00    0.00    0.20     7  node_exporter
13:58:05        0      2680    0.00    0.20    0.00    0.00    0.20    23  kiblnd_sd_01_00
13:58:05        0      2681    0.00    0.20    0.00    0.00    0.20    16  kiblnd_sd_01_01
13:58:05        0      2682    0.00    0.20    0.00    0.00    0.20    20  kiblnd_sd_01_02
13:58:05        0      2683    0.00    0.20    0.00    0.00    0.20    20  kiblnd_sd_01_03
13:58:05        0      2685    0.00    0.20    0.00    0.00    0.20    30  kiblnd_sd_02_01
13:58:05        0      2729    0.00    0.20    0.00    0.00    0.20    24  ptlrpcd_02_10
13:58:05        0     10763    0.00    0.20    0.00    0.00    0.20     1  ldlm_bl_07
13:58:05        0     12341    0.00    0.20    0.00    0.00    0.20    38  ldlm_bl_10
13:58:05        0     12342    0.00    0.20    0.00    0.00    0.20    15  ldlm_bl_11
13:58:05      901     83268    0.00    0.20    0.00    0.00    0.20    27  icinga2
13:58:05        0    104758    0.20    0.00    0.00    0.00    0.20    31  kworker/31:2-mm_percpu_wq
13:58:05        0    104766    0.00    0.20    0.00    0.00    0.20    40  ldlm_bl_30
13:58:05        0    109085    0.00    0.20    0.00    0.00    0.20     3  kworker/u96:0-ipoib_wq
13:58:05        0    111758    0.20    0.00    0.00    0.00    0.20    37  kworker/u100:2-flush-lustre-ffff809789
13:58:05    30910    112992    0.40    1.40    0.00    0.00    1.80    17  pidstat
13:58:05    30910    112993    1.40    0.80    0.00    0.00    2.20    28  python
13:58:05    30910    112994  316.00    9.00    0.00    0.00  325.00    13  java
13:58:05    30910    113312   53.20    4.40    0.00    0.00   57.60    31  python

13:58:00      UID       PID  minflt/s  majflt/s     VSZ     RSS   %MEM  Command
13:58:05    30910    112993      1.00      0.00  247680   74560   0.23  python
13:58:05    30910    112994    399.80      0.00 18946560  687744   2.09  java
13:58:05    30910    113312    177.60      0.00   57088   48320   0.15  python

13:58:05      UID       PID    %usr %system  %guest   %wait    %CPU   CPU  Command
13:58:10        0       320    0.00    0.20    0.00    0.00    0.20    21  kworker/21:1-mm_percpu_wq
13:58:10        0      1427    0.20    0.00    0.00    0.00    0.20     7  node_exporter
13:58:10        0      1458    0.00    0.40    0.00    0.00    0.40     0  NetworkManager
13:58:10      201      1732    1.40    0.00    0.00    0.00    1.40    45  telegraf
13:58:10        0      2676    0.00    1.00    0.00    0.20    1.00    10  kiblnd_sd_00_00
13:58:10        0      2677    0.00    1.00    0.00    0.20    1.00     7  kiblnd_sd_00_01
13:58:10        0      2678    0.00    0.80    0.00    0.20    0.80     5  kiblnd_sd_00_02
13:58:10        0      2679    0.00    1.00    0.00    0.20    1.00     5  kiblnd_sd_00_03
13:58:10        0      2680    0.00    0.80    0.00    0.20    0.80    20  kiblnd_sd_01_00
13:58:10        0      2681    0.00    0.80    0.00    0.20    0.80    21  kiblnd_sd_01_01
13:58:10        0      2682    0.00    0.80    0.00    0.20    0.80    22  kiblnd_sd_01_02
13:58:10        0      2683    0.00    0.80    0.00    0.00    0.80    20  kiblnd_sd_01_03
13:58:10        0      2684    0.00    0.20    0.00    0.20    0.20    25  kiblnd_sd_02_00
13:58:10        0      2685    0.00    0.20    0.00    0.00    0.20    24  kiblnd_sd_02_01
13:58:10        0      2686    0.00    0.20    0.00    0.00    0.20    24  kiblnd_sd_02_02
13:58:10        0      2687    0.00    0.20    0.00    0.00    0.20    25  kiblnd_sd_02_03
13:58:10        0      2695    0.00    0.20    0.00    0.00    0.20     1  ptlrpcd_00_00
13:58:10        0      2697    0.00    0.20    0.00    0.00    0.20     0  ptlrpcd_00_02
13:58:10        0      2700    0.00    0.20    0.00    0.20    0.20     7  ptlrpcd_00_05
13:58:10        0      2707    0.00    0.20    0.00    0.00    0.20    13  ptlrpcd_01_00
13:58:10        0      2709    0.00    0.20    0.00    0.20    0.20    14  ptlrpcd_01_02
13:58:10        0      2715    0.00    0.20    0.00    0.00    0.20    13  ptlrpcd_01_08
13:58:10        0      2719    0.00    0.20    0.00    0.00    0.20    35  ptlrpcd_02_00
13:58:10        0      2720    0.00    0.20    0.00    0.00    0.20    24  ptlrpcd_02_01
13:58:10        0      2721    0.00    0.20    0.00    0.00    0.20    29  ptlrpcd_02_02
13:58:10        0      2723    0.00    0.20    0.00    0.00    0.20    26  ptlrpcd_02_04
13:58:10        0      2724    0.00    0.20    0.00    0.00    0.20    29  ptlrpcd_02_05
13:58:10        0      2725    0.00    0.20    0.00    0.00    0.20    25  ptlrpcd_02_06
13:58:10        0      2726    0.00    0.20    0.00    0.00    0.20    35  ptlrpcd_02_07
13:58:10        0      2728    0.00    0.20    0.00    0.00    0.20    24  ptlrpcd_02_09
13:58:10        0      2732    0.00    0.20    0.00    0.00    0.20    46  ptlrpcd_03_01
13:58:10        0      2734    0.00    0.20    0.00    0.00    0.20    39  ptlrpcd_03_03
13:58:10        0      2736    0.00    0.20    0.00    0.00    0.20    40  ptlrpcd_03_05
13:58:10        0      2738    0.00    0.20    0.00    0.00    0.20    37  ptlrpcd_03_07
13:58:10        0      2739    0.00    0.20    0.00    0.00    0.20    47  ptlrpcd_03_08
13:58:10        0      2741    0.00    0.20    0.00    0.00    0.20    37  ptlrpcd_03_10
13:58:10        0      4001    0.00    0.20    0.00    0.00    0.20    32  ldlm_bl_03
13:58:10        0     12339    0.00    0.20    0.00    0.00    0.20    40  ldlm_bl_08
13:58:10        0     12340    0.00    0.20    0.00    0.00    0.20    44  ldlm_bl_09
13:58:10        0     12344    0.00    0.20    0.00    0.00    0.20    35  ldlm_bl_13
13:58:10        0     12354    0.00    0.20    0.00    0.00    0.20     6  ldlm_bl_23
13:58:10        0     12355    0.00    0.20    0.00    0.00    0.20    47  ldlm_bl_24
13:58:10        0     51887    0.00    0.20    0.00    0.00    0.20    33  kworker/33:2-mm_percpu_wq
13:58:10        0     67183    0.00    0.20    0.00    0.00    0.20    28  kworker/28:0-mm_percpu_wq
13:58:10        0     83807    0.00    0.20    0.00    0.00    0.20     6  kworker/6:1-mm_percpu_wq
13:58:10        0     98294    0.20    0.00    0.00    0.00    0.20    16  kworker/16:2-mm_percpu_wq
13:58:10        0    104767    0.00    0.20    0.00    0.00    0.20    33  ldlm_bl_31
13:58:10        0    104768    0.00    0.20    0.00    0.00    0.20    47  ldlm_bl_32
13:58:10        0    104769    0.00    0.20    0.00    0.00    0.20     7  ldlm_bl_33
13:58:10        0    104772    0.00    0.20    0.00    0.00    0.20     1  ldlm_bl_36
13:58:10        0    104773    0.00    0.20    0.00    0.00    0.20    10  ldlm_bl_37
13:58:10        0    104775    0.00    0.20    0.00    0.00    0.20    33  ldlm_bl_39
13:58:10        0    104777    0.00    0.20    0.00    0.00    0.20    32  ldlm_bl_41
13:58:10        0    104781    0.00    0.20    0.00    0.00    0.20    34  ldlm_bl_45
13:58:10        0    104782    0.00    0.20    0.00    0.00    0.20     0  ldlm_bl_46
13:58:10        0    104783    0.00    0.20    0.00    0.00    0.20    29  ldlm_bl_47
13:58:10    30910    112992    0.40    1.00    0.00    0.20    1.40    17  pidstat
13:58:10    30910    112993    0.00    0.20    0.00    0.00    0.20    28  python
13:58:10    30910    112994 1701.00   81.20    0.00    0.00 1782.20    13  java
13:58:10    30910    113312    7.40    1.40    0.00    0.00    8.80    29  python
13:58:10    30910    113320   12.20    0.40    0.00    0.00   12.60     9  python
13:58:10    30910    113321   11.60    0.80    0.00    0.00   12.40    32  python
13:58:10    30910    113324   11.60    0.80    0.00    0.00   12.40    41  python
13:58:10    30910    113326   11.80    0.80    0.00    0.40   12.60     5  python
13:58:10    30910    113328   11.60    0.80    0.00    0.00   12.40    17  python
13:58:10    30910    113329   12.00    0.40    0.00    0.40   12.40     1  python
13:58:10    30910    113332   12.20    0.20    0.00    0.80   12.40    22  python
13:58:10    30910    113334   12.00    0.60    0.00    0.40   12.60    46  python
13:58:10    30910    113336   12.40    0.20    0.00    0.00   12.60    45  python
13:58:10    30910    113338   11.60    1.00    0.00    0.00   12.60    26  python
13:58:10    30910    113341   12.00    0.40    0.00    0.00   12.40     4  python
13:58:10    30910    113344   11.20    1.60    0.00    0.20   12.80    37  python
13:58:10    30910    113346   11.60    1.00    0.00    0.00   12.60    18  python
13:58:10    30910    113348   11.40    0.80    0.00    0.00   12.20    28  python
13:58:10    30910    113350   11.20    1.40    0.00    0.20   12.60    15  python
13:58:10    30910    113352   11.20    1.40    0.00    0.80   12.60    44  python
13:58:10    30910    113354   11.80    0.80    0.00    0.60   12.60    23  python
13:58:10    30910    113356   12.00    0.80    0.00    0.80   12.80    11  python
13:58:10    30910    113358   12.00    0.60    0.00    0.00   12.60     4  python
13:58:10    30910    113360   12.60    0.20    0.00    0.00   12.80     3  python
13:58:10    30910    113362   11.80    0.60    0.00    0.20   12.40    29  python
13:58:10    30910    113364   11.40    1.20    0.00    0.00   12.60    31  python
13:58:10    30910    113366   11.60    0.80    0.00    0.20   12.40    41  python
13:58:10    30910    113368   12.00    0.60    0.00    0.00   12.60     6  python
13:58:10    30910    113370   12.00    0.20    0.00    0.20   12.20     1  python
13:58:10    30910    113372   12.20    0.80    0.00    0.40   13.00     0  python
13:58:10    30910    113374   12.60    0.20    0.00    0.20   12.80    42  python
13:58:10    30910    113376   12.20    0.60    0.00    0.40   12.80     9  python
13:58:10    30910    113378   11.20    1.00    0.00    0.40   12.20    27  python
13:58:10    30910    113380   12.40    0.20    0.00    0.00   12.60    21  python
13:58:10    30910    113382   12.60    0.40    0.00    0.20   13.00    42  python
13:58:10    30910    113384   12.00    0.40    0.00    0.00   12.40    16  python
13:58:10    30910    113386   11.60    0.80    0.00    0.00   12.40    44  python
13:58:10    30910    113388   11.60    0.60    0.00    0.00   12.20    26  python
13:58:10    30910    113390   12.00    1.00    0.00    0.00   13.00    31  python
13:58:10    30910    113392   12.00    0.60    0.00    0.00   12.60    25  python
13:58:10    30910    113394   11.20    1.40    0.00    0.00   12.60     3  python
13:58:10    30910    113396   11.60    1.00    0.00    0.00   12.60    21  python
13:58:10    30910    113398   12.40    0.40    0.00    0.00   12.80    24  python
13:58:10    30910    113400   11.80    1.00    0.00    0.00   12.80    12  python
13:58:10    30910    113402   12.00    0.80    0.00    0.20   12.80    10  python
13:58:10    30910    113404   12.00    1.40    0.00    0.40   13.40     6  python
13:58:10    30910    113406   12.00    1.00    0.00    0.20   13.00    28  python
13:58:10    30910    113408   12.40    0.20    0.00    0.20   12.60    14  python
13:58:10    30910    113410   12.00    0.80    0.00    0.40   12.80    17  python
13:58:10    30910    113412   11.80    1.00    0.00    0.40   12.80     0  python
13:58:10    30910    113414   11.40    1.20    0.00    0.20   12.60    33  python
13:58:10    30910    113416   12.00    0.80    0.00    0.60   12.80    32  python

13:58:05      UID       PID  minflt/s  majflt/s     VSZ     RSS   %MEM  Command
13:58:10      201      1732      0.00      0.00 5656640  124928   0.38  telegraf
13:58:10    30910    112994   2840.20      0.00 22876352 1388096   4.22  java
13:58:10    30910    113312    588.60      0.00   58112   54080   0.16  python
13:58:10    30910    113320    256.20      0.00   66496   58688   0.18  python
13:58:10    30910    113321    256.20      0.00   66496   58688   0.18  python
13:58:10    30910    113324    256.40      0.00   66496   58752   0.18  python
13:58:10    30910    113326    256.20      0.00   66496   58688   0.18  python
13:58:10    30910    113328    256.20      0.00   66496   58688   0.18  python
13:58:10    30910    113329    256.20      0.00   66496   58688   0.18  python
13:58:10    30910    113332    256.20      0.00   66496   58688   0.18  python
13:58:10    30910    113334    256.40      0.00   66496   58688   0.18  python
13:58:10    30910    113336    256.00      0.00   66496   58688   0.18  python
13:58:10    30910    113338    256.20      0.00   66496   58688   0.18  python
13:58:10    30910    113341    256.20      0.00   66496   58688   0.18  python
13:58:10    30910    113344    256.20      0.00   66496   58688   0.18  python
13:58:10    30910    113346    256.20      0.00   66496   58688   0.18  python
13:58:10    30910    113348    256.20      0.00   66496   58688   0.18  python
13:58:10    30910    113350    256.40      0.00   66496   58752   0.18  python
13:58:10    30910    113352    256.20      0.00   66496   58688   0.18  python
13:58:10    30910    113354    256.20      0.00   66496   58688   0.18  python
13:58:10    30910    113356    256.40      0.00   66496   58688   0.18  python
13:58:10    30910    113358    256.00      0.00   66496   58688   0.18  python
13:58:10    30910    113360    256.20      0.00   66496   58688   0.18  python
13:58:10    30910    113362    256.20      0.00   66496   58688   0.18  python
13:58:10    30910    113364    256.20      0.00   66496   58688   0.18  python
13:58:10    30910    113366    256.20      0.00   66496   58688   0.18  python
13:58:10    30910    113368    256.20      0.00   66496   58688   0.18  python
13:58:10    30910    113370    256.20      0.00   66496   58688   0.18  python
13:58:10    30910    113372    256.20      0.00   66496   58688   0.18  python
13:58:10    30910    113374    256.20      0.00   66496   58688   0.18  python
13:58:10    30910    113376    256.40      0.00   66496   58688   0.18  python
13:58:10    30910    113378    256.20      0.00   66496   58752   0.18  python
13:58:10    30910    113380    256.20      0.00   66496   58688   0.18  python
13:58:10    30910    113382    256.20      0.00   66496   58688   0.18  python
13:58:10    30910    113384    256.20      0.00   66496   58688   0.18  python
13:58:10    30910    113386    256.20      0.00   66496   58688   0.18  python
13:58:10    30910    113388    256.20      0.00   66496   58688   0.18  python
13:58:10    30910    113390    256.20      0.00   66496   58688   0.18  python
13:58:10    30910    113392    256.20      0.00   66496   58688   0.18  python
13:58:10    30910    113394    256.20      0.00   66496   58688   0.18  python
13:58:10    30910    113396    256.40      0.00   66496   58688   0.18  python
13:58:10    30910    113398    256.00      0.00   66496   58688   0.18  python
13:58:10    30910    113400    256.20      0.00   66496   58688   0.18  python
13:58:10    30910    113402    256.20      0.00   66496   58688   0.18  python
13:58:10    30910    113404    256.20      0.00   66496   58688   0.18  python
13:58:10    30910    113406    256.20      0.00   66496   58688   0.18  python
13:58:10    30910    113408    256.20      0.00   66496   58688   0.18  python
13:58:10    30910    113410    256.20      0.00   66496   58688   0.18  python
13:58:10    30910    113412    256.20      0.00   66496   58688   0.18  python
13:58:10    30910    113414    256.20      0.00   66496   58688   0.18  python
13:58:10    30910    113416    256.40      0.00   66496   58688   0.18  python
