Linux 4.18.0-348.23.1.el8_5.aarch64 (cna0118.deucalion.macc.fccn.pt) 	11/03/26 	_aarch64_	(48 CPU)

15:05:15      UID       PID    %usr %system  %guest   %wait    %CPU   CPU  Command
15:05:20        0        11    0.00    0.20    0.00    0.00    0.20    24  rcu_sched
15:05:20        0      1420    0.20    0.00    0.00    0.00    0.20     6  cgroups_exporte
15:05:20        0      1451    5.51    0.00    0.00    0.00    5.51    25  node_exporter
15:05:20        0      1465    0.20    0.00    0.00    0.00    0.20     3  NetworkManager
15:05:20      201      1728    0.00    0.20    0.00    0.00    0.20     4  telegraf
15:05:20        0      2623    0.00    0.20    0.00    0.00    0.20     7  kiblnd_sd_00_00
15:05:20        0      2624    0.00    0.20    0.00    0.00    0.20     2  kiblnd_sd_00_01
15:05:20        0      2625    0.00    0.20    0.00    0.00    0.20    10  kiblnd_sd_00_02
15:05:20        0      2627    0.00    3.54    0.00    0.00    3.54    20  kiblnd_sd_01_00
15:05:20        0      2628    0.00    3.54    0.00    0.00    3.54    22  kiblnd_sd_01_01
15:05:20        0      2629    0.00    3.54    0.00    0.00    3.54    21  kiblnd_sd_01_02
15:05:20        0      2630    0.00    3.54    0.00    0.00    3.54    19  kiblnd_sd_01_03
15:05:20        0      2631    0.00    0.20    0.00    0.00    0.20    33  kiblnd_sd_02_00
15:05:20        0      2632    0.00    0.20    0.00    0.00    0.20    34  kiblnd_sd_02_01
15:05:20        0      2633    0.00    0.20    0.00    0.00    0.20    34  kiblnd_sd_02_02
15:05:20        0      2634    0.00    0.20    0.00    0.00    0.20    35  kiblnd_sd_02_03
15:05:20        0      2642    0.00    0.20    0.00    0.00    0.20     0  ptlrpcd_00_00
15:05:20        0      2643    0.00    0.20    0.00    0.00    0.20     6  ptlrpcd_00_01
15:05:20        0      2644    0.00    0.20    0.00    0.00    0.20     4  ptlrpcd_00_02
15:05:20        0      2645    0.00    0.20    0.00    0.00    0.20     5  ptlrpcd_00_03
15:05:20        0      2646    0.00    0.20    0.00    0.00    0.20     9  ptlrpcd_00_04
15:05:20        0      2647    0.00    0.20    0.00    0.00    0.20     2  ptlrpcd_00_05
15:05:20        0      2648    0.00    0.20    0.00    0.00    0.20     2  ptlrpcd_00_06
15:05:20        0      2649    0.00    0.20    0.00    0.00    0.20     5  ptlrpcd_00_07
15:05:20        0      2650    0.00    0.20    0.00    0.00    0.20     5  ptlrpcd_00_08
15:05:20        0      2652    0.00    0.20    0.00    0.00    0.20     2  ptlrpcd_00_10
15:05:20        0      2653    0.00    0.20    0.00    0.00    0.20     5  ptlrpcd_00_11
15:05:20        0      2654    0.00    0.20    0.00    0.00    0.20    14  ptlrpcd_01_00
15:05:20        0      2655    0.00    0.20    0.00    0.00    0.20    15  ptlrpcd_01_01
15:05:20        0      2656    0.00    0.20    0.00    0.00    0.20    23  ptlrpcd_01_02
15:05:20        0      2657    0.00    0.20    0.00    0.00    0.20    22  ptlrpcd_01_03
15:05:20        0      2658    0.00    0.20    0.00    0.00    0.20    17  ptlrpcd_01_04
15:05:20        0      2659    0.00    0.39    0.00    0.00    0.39    15  ptlrpcd_01_05
15:05:20        0      2660    0.00    0.39    0.00    0.00    0.39    21  ptlrpcd_01_06
15:05:20        0      2661    0.00    0.20    0.00    0.00    0.20    15  ptlrpcd_01_07
15:05:20        0      2662    0.00    0.39    0.00    0.00    0.39    18  ptlrpcd_01_08
15:05:20        0      2663    0.00    0.20    0.00    0.00    0.20    15  ptlrpcd_01_09
15:05:20        0      2664    0.00    0.20    0.00    0.00    0.20    23  ptlrpcd_01_10
15:05:20        0      2665    0.00    0.20    0.00    0.00    0.20    20  ptlrpcd_01_11
15:05:20        0      2666    0.00    0.20    0.00    0.00    0.20    24  ptlrpcd_02_00
15:05:20        0      2667    0.00    0.20    0.00    0.00    0.20    29  ptlrpcd_02_01
15:05:20        0      2668    0.00    0.20    0.00    0.00    0.20    29  ptlrpcd_02_02
15:05:20        0      2669    0.00    0.20    0.00    0.00    0.20    35  ptlrpcd_02_03
15:05:20        0      2670    0.00    0.20    0.00    0.00    0.20    29  ptlrpcd_02_04
15:05:20        0      2671    0.00    0.20    0.00    0.00    0.20    28  ptlrpcd_02_05
15:05:20        0      2672    0.00    0.20    0.00    0.00    0.20    34  ptlrpcd_02_06
15:05:20        0      2673    0.00    0.20    0.00    0.00    0.20    29  ptlrpcd_02_07
15:05:20        0      2674    0.00    0.20    0.00    0.00    0.20    24  ptlrpcd_02_08
15:05:20        0      2675    0.00    0.20    0.00    0.00    0.20    27  ptlrpcd_02_09
15:05:20        0      2676    0.00    0.20    0.00    0.00    0.20    34  ptlrpcd_02_10
15:05:20        0      2677    0.00    0.20    0.00    0.00    0.20    24  ptlrpcd_02_11
15:05:20        0      2678    0.00    0.20    0.00    0.00    0.20    38  ptlrpcd_03_00
15:05:20        0      2680    0.00    0.20    0.00    0.00    0.20    46  ptlrpcd_03_02
15:05:20        0      2686    0.00    0.20    0.00    0.00    0.20    42  ptlrpcd_03_08
15:05:20        0      2688    0.00    0.20    0.00    0.00    0.20    46  ptlrpcd_03_10
15:05:20        0      2710    0.00    0.20    0.00    0.00    0.20    15  ldlm_bl_01
15:05:20        0      3951    0.00    0.20    0.00    0.00    0.20     6  ldlm_bl_03
15:05:20        0     10993    0.00    0.20    0.00    0.00    0.20    13  ldlm_bl_04
15:05:20        0     12483    0.00    0.20    0.00    0.00    0.20    40  ldlm_bl_08
15:05:20        0     12485    0.00    0.20    0.00    0.00    0.20    40  ldlm_bl_10
15:05:20        0     12486    0.00    0.20    0.00    0.00    0.20    11  ldlm_bl_11
15:05:20        0     12489    0.00    0.20    0.00    0.00    0.20    39  ldlm_bl_14
15:05:20        0     12490    0.00    0.20    0.00    0.00    0.20    33  ldlm_bl_15
15:05:20        0     12491    0.00    0.20    0.00    0.00    0.20    33  ldlm_bl_16
15:05:20        0     12493    0.00    0.20    0.00    0.00    0.20    33  ldlm_bl_18
15:05:20        0     12495    0.00    0.20    0.00    0.00    0.20    27  ldlm_bl_20
15:05:20        0     12497    0.00    0.20    0.00    0.00    0.20    14  ldlm_bl_22
15:05:20        0     12498    0.00    0.20    0.00    0.00    0.20    33  ldlm_bl_23
15:05:20        0     12499    0.00    0.20    0.00    0.00    0.20     6  ldlm_bl_24
15:05:20        0     12500    0.00    0.20    0.00    0.00    0.20    12  ldlm_bl_25
15:05:20        0     12505    0.00    0.20    0.00    0.00    0.20    13  ldlm_bl_30
15:05:20        0     50657    0.00    0.20    0.00    0.00    0.20    33  ldlm_bl_31
15:05:20        0     50658    0.00    0.20    0.00    0.00    0.20     4  ldlm_bl_32
15:05:20        0     50659    0.00    0.20    0.00    0.00    0.20    18  ldlm_bl_33
15:05:20        0     50663    0.00    0.20    0.00    0.00    0.20    41  ldlm_bl_37
15:05:20        0     50665    0.00    0.20    0.00    0.00    0.20    33  ldlm_bl_39
15:05:20        0     50666    0.00    0.20    0.00    0.00    0.20    22  ldlm_bl_40
15:05:20        0     50667    0.00    0.20    0.00    0.00    0.20    37  ldlm_bl_41
15:05:20        0     50669    0.00    0.20    0.00    0.00    0.20    28  ldlm_bl_43
15:05:20        0     50672    0.00    0.20    0.00    0.00    0.20    34  ldlm_bl_46
15:05:20        0     50673    0.00    0.20    0.00    0.00    0.20    13  ldlm_bl_47
15:05:20        0    225545    0.20    0.00    0.00    0.00    0.20     5  kworker/5:2-events
15:05:20        0    232076    0.00    0.20    0.00    0.00    0.20    22  ldlm_bl_48
15:05:20    30910    240500    0.39    1.18    0.00    0.00    1.57    24  pidstat
15:05:20    30910    240501    9.45    4.33    0.00    0.00   13.78    29  python
15:05:20    30910    240502  113.98   20.08    0.00    0.00  134.06    24  java

15:05:15      UID       PID  minflt/s  majflt/s     VSZ     RSS   %MEM  Command
15:05:20        0      1451     10.04      0.00  728320   27200   0.08  node_exporter
15:05:20        0      1641      0.39      0.00  117248   53504   0.16  sssd_nss
15:05:20    30910    240500     41.73      0.00   23808   17792   0.05  pidstat
15:05:20    30910    240501    101.97      0.00   49792   37632   0.11  python
15:05:20    30910    240502    664.57      0.00 4981120  137216   0.42  java

15:05:20      UID       PID    %usr %system  %guest   %wait    %CPU   CPU  Command
15:05:25        0      1465    0.00    0.20    0.00    0.00    0.20     3  NetworkManager
15:05:25      201      1728    0.00    0.20    0.00    0.00    0.20     4  telegraf
15:05:25        0      2626    0.00    0.20    0.00    0.00    0.20     3  kiblnd_sd_00_03
15:05:25        0      2627    0.00    0.20    0.00    0.00    0.20    20  kiblnd_sd_01_00
15:05:25        0      2628    0.00    0.20    0.00    0.00    0.20    23  kiblnd_sd_01_01
15:05:25        0      2629    0.00    0.20    0.00    0.00    0.20    21  kiblnd_sd_01_02
15:05:25        0      2634    0.00    0.20    0.00    0.00    0.20    33  kiblnd_sd_02_03
15:05:25        0      2684    0.00    0.20    0.00    0.00    0.20    42  ptlrpcd_03_06
15:05:25        0    235978    0.20    0.00    0.00    0.00    0.20    30  kworker/30:2-mm_percpu_wq
15:05:25        0    239649    0.20    0.00    0.00    0.00    0.20     0  kworker/u102:1-xprtiod
15:05:25    30910    240500    0.60    1.20    0.00    0.00    1.80    25  pidstat
15:05:25    30910    240501    1.00    0.00    0.00    0.00    1.00    29  python
15:05:25    30910    240502  262.00    9.60    0.00    0.00  271.60    24  java

15:05:20      UID       PID  minflt/s  majflt/s     VSZ     RSS   %MEM  Command
15:05:25    30910    240500      2.80      0.00   23808   22016   0.07  pidstat
15:05:25    30910    240501     45.20      0.00  124672   38272   0.12  python
15:05:25    30910    240502    661.80      0.00 12442752  266560   0.81  java

15:05:25      UID       PID    %usr %system  %guest   %wait    %CPU   CPU  Command
15:05:30        0        11    0.00    0.20    0.00    0.00    0.20    38  rcu_sched
15:05:30        0      1465    0.20    0.20    0.00    0.00    0.40     4  NetworkManager
15:05:30        0      2630    0.00    0.20    0.00    0.00    0.20    19  kiblnd_sd_01_03
15:05:30        0    227654    0.00    0.20    0.00    0.00    0.20    19  kworker/u96:2-mlx5_cmd_0000:05:00.0
15:05:30        0    236364    0.00    0.20    0.00    0.00    0.20    26  slurmstepd
15:05:30    30910    240500    0.00    1.40    0.00    0.00    1.40    25  pidstat
15:05:30    30910    240501    0.40    0.00    0.00    0.00    0.40     1  python
15:05:30    30910    240502  240.60    8.00    0.00    0.00  248.60    24  java

15:05:25      UID       PID  minflt/s  majflt/s     VSZ     RSS   %MEM  Command
15:05:30    30910    240501      5.40      0.00  199168   38912   0.12  python
15:05:30    30910    240502    251.80      0.00 13492352  337408   1.03  java

15:05:30      UID       PID    %usr %system  %guest   %wait    %CPU   CPU  Command
15:05:35        0      1451    6.80    0.40    0.00    0.00    7.20    25  node_exporter
15:05:35        0      1465    0.00    0.20    0.00    0.00    0.20     1  NetworkManager
15:05:35      201      1728    0.00    0.20    0.00    0.00    0.20     4  telegraf
15:05:35        0      2656    0.00    0.20    0.00    0.00    0.20    23  ptlrpcd_01_02
15:05:35    30910    240500    0.20    1.40    0.00    0.00    1.60    25  pidstat
15:05:35    30910    240502  220.00    7.40    0.00    0.00  227.40    24  java

15:05:30      UID       PID  minflt/s  majflt/s     VSZ     RSS   %MEM  Command
15:05:35        0      1420      1.80      0.00 2424960    9472   0.03  cgroups_exporte
15:05:35        0      1451      6.80      0.00  728320   28352   0.09  node_exporter
15:05:35    30910    240501      0.80      0.00  199168   38912   0.12  python
15:05:35    30910    240502    224.20      0.00 13582464  398976   1.21  java

15:05:35      UID       PID    %usr %system  %guest   %wait    %CPU   CPU  Command
15:05:40        0        11    0.00    0.20    0.00    0.00    0.20    39  rcu_sched
15:05:40        0       157    0.00    0.20    0.00    0.00    0.20    24  migration/24
15:05:40        0       799    0.00    0.20    0.00    0.00    0.20    29  jbd2/nvme0n1p4-
15:05:40        0      1465    0.00    0.20    0.00    0.00    0.20     3  NetworkManager
15:05:40      201      1728    0.20    0.00    0.00    0.00    0.20     4  telegraf
15:05:40        0      2623    0.00    0.20    0.00    0.00    0.20     7  kiblnd_sd_00_00
15:05:40        0      2627    0.00    1.20    0.00    0.00    1.20    22  kiblnd_sd_01_00
15:05:40        0      2628    0.00    1.20    0.00    0.00    1.20    21  kiblnd_sd_01_01
15:05:40        0      2629    0.00    1.20    0.00    0.00    1.20    23  kiblnd_sd_01_02
15:05:40        0      2630    0.00    1.00    0.00    0.00    1.00    12  kiblnd_sd_01_03
15:05:40        0      2631    0.00    0.40    0.00    0.00    0.40    26  kiblnd_sd_02_00
15:05:40        0      2632    0.00    0.40    0.00    0.00    0.40    28  kiblnd_sd_02_01
15:05:40        0      2633    0.00    0.40    0.00    0.00    0.40    31  kiblnd_sd_02_02
15:05:40        0      2634    0.00    0.20    0.00    0.00    0.20    27  kiblnd_sd_02_03
15:05:40        0      2644    0.00    0.20    0.00    0.00    0.20     4  ptlrpcd_00_02
15:05:40        0      2645    0.00    0.20    0.00    0.00    0.20     0  ptlrpcd_00_03
15:05:40        0      2646    0.00    0.20    0.00    0.00    0.20     9  ptlrpcd_00_04
15:05:40        0      2649    0.00    0.20    0.00    0.00    0.20     5  ptlrpcd_00_07
15:05:40        0      2651    0.00    0.20    0.00    0.00    0.20     4  ptlrpcd_00_09
15:05:40        0      2655    0.00    0.20    0.00    0.00    0.20    14  ptlrpcd_01_01
15:05:40        0      2657    0.00    0.20    0.00    0.00    0.20    14  ptlrpcd_01_03
15:05:40        0      2658    0.00    0.20    0.00    0.00    0.20    20  ptlrpcd_01_04
15:05:40        0      2661    0.00    0.20    0.00    0.00    0.20    14  ptlrpcd_01_07
15:05:40        0      2663    0.00    0.20    0.00    0.00    0.20    13  ptlrpcd_01_09
15:05:40        0      2664    0.00    0.20    0.00    0.00    0.20    14  ptlrpcd_01_10
15:05:40        0      2665    0.00    0.20    0.00    0.00    0.20    22  ptlrpcd_01_11
15:05:40        0      2667    0.00    0.20    0.00    0.00    0.20    29  ptlrpcd_02_01
15:05:40        0      2671    0.00    0.20    0.00    0.00    0.20    26  ptlrpcd_02_05
15:05:40        0      2682    0.00    0.20    0.00    0.00    0.20    44  ptlrpcd_03_04
15:05:40        0      2683    0.00    0.20    0.00    0.00    0.20    45  ptlrpcd_03_05
15:05:40        0      2687    0.00    0.20    0.00    0.00    0.20    42  ptlrpcd_03_09
15:05:40        0      3110    0.20    0.00    0.00    0.00    0.20    19  crond
15:05:40        0     11683    0.00    0.20    0.00    0.00    0.20    34  ldlm_bl_06
15:05:40        0     12482    0.00    0.20    0.00    0.00    0.20     8  ldlm_bl_07
15:05:40        0     12484    0.00    0.20    0.00    0.00    0.20    20  ldlm_bl_09
15:05:40        0     12487    0.00    0.20    0.00    0.00    0.20    17  ldlm_bl_12
15:05:40        0     12496    0.00    0.20    0.00    0.00    0.20    39  ldlm_bl_21
15:05:40        0     12501    0.00    0.20    0.00    0.00    0.20     3  ldlm_bl_26
15:05:40        0     12502    0.00    0.20    0.00    0.00    0.20    10  ldlm_bl_27
15:05:40        0     12503    0.00    0.20    0.00    0.00    0.20    22  ldlm_bl_28
15:05:40        0     12504    0.00    0.20    0.00    0.00    0.20     1  ldlm_bl_29
15:05:40        0     55841    0.00    0.20    0.00    0.00    0.20    12  kworker/12:2-mm_percpu_wq
15:05:40      901    184096    0.00    0.20    0.00    0.00    0.20    42  icinga2
15:05:40        0    230923    0.00    0.20    0.00    0.00    0.20    15  kworker/15:0-events
15:05:40        0    232077    0.00    0.20    0.00    0.00    0.20    16  ldlm_bl_49
15:05:40    30910    240500    0.40    1.20    0.00    0.00    1.60    25  pidstat
15:05:40    30910    240501   21.20   11.80    0.00    0.00   33.00    15  python
15:05:40    30910    240502  258.00    6.20    0.00    0.00  264.20    24  java

15:05:35      UID       PID  minflt/s  majflt/s     VSZ     RSS   %MEM  Command
15:05:40    30910    240501    167.60      0.00  239424   74432   0.23  python
15:05:40    30910    240502    426.80      0.00 14410240  519680   1.58  java

15:05:40      UID       PID    %usr %system  %guest   %wait    %CPU   CPU  Command
15:05:45        0      1465    0.20    0.00    0.00    0.00    0.20     2  NetworkManager
15:05:45        0      1577    0.00    0.20    0.00    0.00    0.20     4  sssd_be
15:05:45        0      2627    0.00    0.20    0.00    0.00    0.20    12  kiblnd_sd_01_00
15:05:45        0      2628    0.00    0.20    0.00    0.00    0.20    21  kiblnd_sd_01_01
15:05:45        0      2629    0.00    0.20    0.00    0.00    0.20    23  kiblnd_sd_01_02
15:05:45        0      2630    0.00    0.20    0.00    0.00    0.20    14  kiblnd_sd_01_03
15:05:45        0      2633    0.00    0.20    0.00    0.00    0.20    35  kiblnd_sd_02_02
15:05:45        0      2654    0.00    0.20    0.00    0.00    0.20    22  ptlrpcd_01_00
15:05:45        0      2679    0.00    0.20    0.00    0.00    0.20    45  ptlrpcd_03_01
15:05:45        0    228274    0.20    0.00    0.00    0.00    0.20     8  kworker/8:2-mm_percpu_wq
15:05:45        0    231883    0.20    0.00    0.00    0.00    0.20     0  kworker/0:1-events
15:05:45    30910    240500    0.60    1.20    0.00    0.00    1.80    25  pidstat
15:05:45    30910    240501    0.80    0.60    0.00    0.00    1.40    15  python
15:05:45    30910    240502  463.80   13.60    0.00    0.00  477.40    24  java

15:05:40      UID       PID  minflt/s  majflt/s     VSZ     RSS   %MEM  Command
15:05:45    30910    240501      0.20      0.00  239424   74432   0.23  python
15:05:45    30910    240502    724.00      0.00 20290048  692160   2.10  java

15:05:45      UID       PID    %usr %system  %guest   %wait    %CPU   CPU  Command
15:05:50        0        11    0.00    0.20    0.00    0.00    0.20     7  rcu_sched
15:05:50        0      1420    0.20    0.00    0.00    0.00    0.20     6  cgroups_exporte
15:05:50        0      1451    7.00    0.00    0.00    0.00    7.00    25  node_exporter
15:05:50        0      1465    0.00    0.20    0.00    0.00    0.20     2  NetworkManager
15:05:50      201      1728    0.00    0.20    0.00    0.00    0.20     4  telegraf
15:05:50        0      2316    0.00    0.20    0.00    0.00    0.20    10  automount
15:05:50        0      2624    0.00    0.20    0.00    0.00    0.20     8  kiblnd_sd_00_01
15:05:50        0      2627    0.00    0.20    0.00    0.00    0.20    21  kiblnd_sd_01_00
15:05:50        0      2628    0.00    0.20    0.00    0.00    0.20    23  kiblnd_sd_01_01
15:05:50        0      2629    0.00    0.20    0.00    0.00    0.20    20  kiblnd_sd_01_02
15:05:50        0      2630    0.00    0.40    0.00    0.00    0.40    12  kiblnd_sd_01_03
15:05:50        0      2634    0.00    0.20    0.00    0.00    0.20    34  kiblnd_sd_02_03
15:05:50        0      2647    0.00    0.20    0.00    0.00    0.20     2  ptlrpcd_00_05
15:05:50        0      2660    0.00    0.20    0.00    0.00    0.20    13  ptlrpcd_01_06
15:05:50        0      2678    0.00    0.20    0.00    0.00    0.20    39  ptlrpcd_03_00
15:05:50        0      2681    0.00    0.20    0.00    0.00    0.20    44  ptlrpcd_03_03
15:05:50        0      2685    0.00    0.20    0.00    0.00    0.20    45  ptlrpcd_03_07
15:05:50        0      2689    0.00    0.20    0.00    0.00    0.20    43  ptlrpcd_03_11
15:05:50        0     12492    0.00    0.20    0.00    0.00    0.20    28  ldlm_bl_17
15:05:50        0     12494    0.00    0.20    0.00    0.00    0.20    20  ldlm_bl_19
15:05:50        0     50661    0.00    0.20    0.00    0.00    0.20     9  ldlm_bl_35
15:05:50        0     50664    0.00    0.20    0.00    0.00    0.20    28  ldlm_bl_38
15:05:50        0     50668    0.00    0.20    0.00    0.00    0.20    17  ldlm_bl_42
15:05:50        0     50670    0.00    0.20    0.00    0.00    0.20    16  ldlm_bl_44
15:05:50        0     50671    0.00    0.20    0.00    0.00    0.20     2  ldlm_bl_45
15:05:50        0    227654    0.00    0.20    0.00    0.00    0.20     4  kworker/u96:2-ipoib_wq
15:05:50    30910    240500    0.20    1.40    0.00    0.00    1.60    25  pidstat
15:05:50    30910    240501    1.60    0.60    0.00    0.00    2.20    15  python
15:05:50    30910    240502  285.60   10.20    0.00    0.00  295.80    24  java

15:05:45      UID       PID  minflt/s  majflt/s     VSZ     RSS   %MEM  Command
15:05:50        0      1451     10.60      0.00  728320   27136   0.08  node_exporter
15:05:50    30910    240502    134.40      0.00 26710528  711936   2.16  java

15:05:50      UID       PID    %usr %system  %guest   %wait    %CPU   CPU  Command
15:05:55        0         1    0.00    0.20    0.00    0.00    0.20    20  systemd
15:05:55        0      1465    0.00    0.20    0.00    0.00    0.20     3  NetworkManager
15:05:55        0      2627    0.00    0.20    0.00    0.00    0.20    20  kiblnd_sd_01_00
15:05:55        0      2628    0.00    0.20    0.00    0.00    0.20    14  kiblnd_sd_01_01
15:05:55        0      2629    0.00    0.20    0.00    0.20    0.20    22  kiblnd_sd_01_02
15:05:55        0      2630    0.00    0.20    0.00    0.00    0.20    12  kiblnd_sd_01_03
15:05:55        0      2648    0.00    0.20    0.00    0.00    0.20    10  ptlrpcd_00_06
15:05:55        0      2652    0.00    0.20    0.00    0.00    0.20    10  ptlrpcd_00_10
15:05:55        0      2662    0.00    0.20    0.00    0.00    0.20    15  ptlrpcd_01_08
15:05:55        0      2711    0.00    0.20    0.00    0.00    0.20    15  ldlm_bl_02
15:05:55        0     12488    0.00    0.20    0.00    0.00    0.20    12  ldlm_bl_13
15:05:55    30910    240500    1.00    0.80    0.00    0.00    1.80    25  pidstat
15:05:55    30910    240501    2.20    0.40    0.00    0.00    2.60    17  python
15:05:55    30910    240502  492.00   24.40    0.00    0.00  516.40    24  java

15:05:50      UID       PID  minflt/s  majflt/s     VSZ     RSS   %MEM  Command
15:05:55    30910    240501      1.20      0.00  239424   74432   0.23  python
15:05:55    30910    240502    520.00      0.00 28716608  825984   2.51  java

15:05:55      UID       PID    %usr %system  %guest   %wait    %CPU   CPU  Command
15:06:00        0        11    0.00    0.20    0.00    0.00    0.20     8  rcu_sched
15:06:00      201      1728    0.00    0.20    0.00    0.00    0.20     4  telegraf
15:06:00        0      2659    0.00    0.20    0.00    0.00    0.20    22  ptlrpcd_01_05
15:06:00      901    184096    0.00    0.20    0.00    0.00    0.20    38  icinga2
15:06:00        0    236364    0.20    0.00    0.00    0.00    0.20    26  slurmstepd
15:06:00    30910    240500    0.40    1.20    0.00    0.00    1.60    25  pidstat
15:06:00    30910    240501    0.60    0.40    0.00    0.00    1.00    17  python
15:06:00    30910    240502  442.80    9.00    0.00    0.00  451.80    24  java

15:05:55      UID       PID  minflt/s  majflt/s     VSZ     RSS   %MEM  Command
15:06:00      901    184193      3.20      0.00  324096   17536   0.05  icinga2
15:06:00    30910    240501      0.60      0.00  239616   74432   0.23  python
15:06:00    30910    240502    409.80      0.00 28741184  942400   2.86  java

15:06:00      UID       PID    %usr %system  %guest   %wait    %CPU   CPU  Command
15:06:05        0      1451    6.40    0.00    0.00    0.00    6.40    17  node_exporter
15:06:05        0      1465    0.20    0.20    0.00    0.00    0.40     2  NetworkManager
15:06:05        0    227654    0.00    0.20    0.00    0.00    0.20     7  kworker/u96:2-ipoib_wq
15:06:05        0    236364    0.00    0.20    0.00    0.00    0.20    26  slurmstepd
15:06:05    30910    240500    0.00    1.40    0.00    0.00    1.40    25  pidstat
15:06:05    30910    240501    1.00    0.60    0.00    0.00    1.60    17  python
15:06:05    30910    240502  341.20    7.20    0.00    0.00  348.40    24  java

15:06:00      UID       PID  minflt/s  majflt/s     VSZ     RSS   %MEM  Command
15:06:05        0      1451     14.60      0.00  728320   25536   0.08  node_exporter
15:06:05      201      1728      1.60      0.00 5657152  129536   0.39  telegraf
15:06:05        0      3110      0.40      0.00   18688    5760   0.02  crond
15:06:05    30910    240501      0.20      0.00  239616   74432   0.23  python
15:06:05    30910    240502    489.60      0.00 28776000 1069376   3.25  java

15:06:05      UID       PID    %usr %system  %guest   %wait    %CPU   CPU  Command
15:06:10        0        11    0.00    0.20    0.00    0.00    0.20    10  rcu_sched
15:06:10        0      1465    0.00    0.20    0.00    0.00    0.20     2  NetworkManager
15:06:10      201      1728    0.20    0.00    0.00    0.00    0.20     4  telegraf
15:06:10      901      1744    0.00    0.20    0.00    0.00    0.20    21  icinga2
15:06:10        0      2629    0.00    0.20    0.00    0.00    0.20    22  kiblnd_sd_01_02
15:06:10        0     50660    0.00    0.20    0.00    0.00    0.20    26  ldlm_bl_34
15:06:10        0     50662    0.00    0.20    0.00    0.00    0.20    16  ldlm_bl_36
15:06:10      901    184096    0.20    0.00    0.00    0.00    0.20    38  icinga2
15:06:10        0    206373    0.00    0.20    0.00    0.00    0.20    18  kworker/18:1-mm_percpu_wq
15:06:10    30910    240500    0.40    1.20    0.00    0.00    1.60    25  pidstat
15:06:10    30910    240501    1.00    0.60    0.00    0.00    1.60    17  python
15:06:10    30910    240502  286.20    6.60    0.00    0.00  292.80    24  java

15:06:05      UID       PID  minflt/s  majflt/s     VSZ     RSS   %MEM  Command
15:06:10    30910    240502    134.20      0.00 28788288 1081088   3.28  java

15:06:10      UID       PID    %usr %system  %guest   %wait    %CPU   CPU  Command
15:06:15        0      1465    0.20    0.00    0.00    0.00    0.20     0  NetworkManager
15:06:15      201      1728    0.00    0.20    0.00    0.00    0.20     4  telegraf
15:06:15        0      2625    0.00    0.20    0.00    0.00    0.20    10  kiblnd_sd_00_02
15:06:15        0      2627    0.00    0.20    0.00    0.00    0.20    20  kiblnd_sd_01_00
15:06:15        0      2628    0.00    0.20    0.00    0.00    0.20    21  kiblnd_sd_01_01
15:06:15        0      2670    0.00    0.20    0.00    0.00    0.20    25  ptlrpcd_02_04
15:06:15        0      3246    0.00    0.20    0.00    0.00    0.20     5  cvmfs2
15:06:15        0     11024    0.00    0.20    0.00    0.00    0.20     9  ldlm_bl_05
15:06:15        0     12493    0.00    0.20    0.00    0.00    0.20    28  ldlm_bl_18
15:06:15        0     50667    0.00    0.20    0.00    0.00    0.20     8  ldlm_bl_41
15:06:15        0     50669    0.00    0.20    0.00    0.00    0.20    26  ldlm_bl_43
15:06:15        0    225545    0.20    0.00    0.00    0.00    0.20     5  kworker/5:2-mm_percpu_wq
15:06:15        0    240478    0.20    0.00    0.00    0.00    0.20    28  kworker/u99:1-flush-lustre-ffff808f90
15:06:15    30910    240500    0.40    1.40    0.00    0.00    1.80    25  pidstat
15:06:15    30910    240501    1.80    0.20    0.00    0.00    2.00    17  python
15:06:15    30910    240502  193.40    5.80    0.00    0.00  199.20    24  java

15:06:10      UID       PID  minflt/s  majflt/s     VSZ     RSS   %MEM  Command
15:06:15    30910    240502     49.20      0.00 28814912 1094784   3.33  java
