Linux 4.18.0-348.23.1.el8_5.aarch64 (cna0118.deucalion.macc.fccn.pt) 	11/03/26 	_aarch64_	(48 CPU)

14:58:45      UID       PID    %usr %system  %guest   %wait    %CPU   CPU  Command
14:58:50        0      1420    0.20    0.00    0.00    0.00    0.20     6  cgroups_exporte
14:58:50        0      1451    4.92    1.18    0.00    0.00    6.10    28  node_exporter
14:58:50      201      1728    0.20    0.00    0.00    0.00    0.20     4  telegraf
14:58:50      901      1744    0.00    0.20    0.00    0.00    0.20    16  icinga2
14:58:50        0      2623    0.00    0.20    0.00    0.00    0.20     7  kiblnd_sd_00_00
14:58:50        0      2624    0.00    0.20    0.00    0.00    0.20     9  kiblnd_sd_00_01
14:58:50        0      2626    0.00    0.20    0.00    0.00    0.20     9  kiblnd_sd_00_03
14:58:50        0      2627    0.00    3.74    0.00    0.00    3.74    20  kiblnd_sd_01_00
14:58:50        0      2628    0.00    3.54    0.00    0.00    3.54    22  kiblnd_sd_01_01
14:58:50        0      2629    0.00    3.35    0.00    0.00    3.35    23  kiblnd_sd_01_02
14:58:50        0      2630    0.00    3.74    0.00    0.00    3.74    21  kiblnd_sd_01_03
14:58:50        0      2631    0.00    0.39    0.00    0.00    0.39    32  kiblnd_sd_02_00
14:58:50        0      2632    0.00    0.20    0.00    0.00    0.20    31  kiblnd_sd_02_01
14:58:50        0      2633    0.00    0.20    0.00    0.00    0.20    35  kiblnd_sd_02_02
14:58:50        0      2634    0.00    0.20    0.00    0.00    0.20    31  kiblnd_sd_02_03
14:58:50        0      2642    0.00    0.39    0.00    0.00    0.39     5  ptlrpcd_00_00
14:58:50        0      2643    0.00    0.39    0.00    0.00    0.39     7  ptlrpcd_00_01
14:58:50        0      2644    0.00    0.39    0.00    0.00    0.39    11  ptlrpcd_00_02
14:58:50        0      2645    0.00    0.39    0.00    0.00    0.39    10  ptlrpcd_00_03
14:58:50        0      2646    0.00    0.39    0.00    0.00    0.39     7  ptlrpcd_00_04
14:58:50        0      2647    0.00    0.20    0.00    0.00    0.20     3  ptlrpcd_00_05
14:58:50        0      2648    0.00    0.20    0.00    0.00    0.20     8  ptlrpcd_00_06
14:58:50        0      2649    0.00    0.39    0.00    0.00    0.39     3  ptlrpcd_00_07
14:58:50        0      2650    0.00    0.20    0.00    0.00    0.20     3  ptlrpcd_00_08
14:58:50        0      2651    0.00    0.39    0.00    0.00    0.39     5  ptlrpcd_00_09
14:58:50        0      2652    0.00    0.20    0.00    0.00    0.20     4  ptlrpcd_00_10
14:58:50        0      2653    0.00    0.39    0.00    0.00    0.39    11  ptlrpcd_00_11
14:58:50        0      2656    0.00    0.20    0.00    0.00    0.20    16  ptlrpcd_01_02
14:58:50        0      2659    0.00    0.20    0.00    0.00    0.20    21  ptlrpcd_01_05
14:58:50        0      2660    0.00    0.20    0.00    0.00    0.20    21  ptlrpcd_01_06
14:58:50        0      2662    0.00    0.20    0.00    0.00    0.20    21  ptlrpcd_01_08
14:58:50        0      2663    0.00    0.20    0.00    0.00    0.20    15  ptlrpcd_01_09
14:58:50        0      2666    0.00    0.20    0.00    0.00    0.20    24  ptlrpcd_02_00
14:58:50        0      2667    0.00    0.20    0.00    0.00    0.20    34  ptlrpcd_02_01
14:58:50        0      2668    0.00    0.20    0.00    0.00    0.20    26  ptlrpcd_02_02
14:58:50        0      2669    0.00    0.20    0.00    0.00    0.20    33  ptlrpcd_02_03
14:58:50        0      2671    0.00    0.20    0.00    0.00    0.20    32  ptlrpcd_02_05
14:58:50        0      2672    0.00    0.20    0.00    0.00    0.20    26  ptlrpcd_02_06
14:58:50        0      2673    0.00    0.20    0.00    0.00    0.20    29  ptlrpcd_02_07
14:58:50        0      2674    0.00    0.20    0.00    0.00    0.20    27  ptlrpcd_02_08
14:58:50        0      2675    0.00    0.20    0.00    0.00    0.20    24  ptlrpcd_02_09
14:58:50        0      2676    0.00    0.20    0.00    0.00    0.20    26  ptlrpcd_02_10
14:58:50        0      2677    0.00    0.20    0.00    0.00    0.20    34  ptlrpcd_02_11
14:58:50        0      2678    0.00    0.20    0.00    0.00    0.20    38  ptlrpcd_03_00
14:58:50        0      2679    0.00    0.20    0.00    0.00    0.20    47  ptlrpcd_03_01
14:58:50        0      2680    0.00    0.20    0.00    0.00    0.20    38  ptlrpcd_03_02
14:58:50        0      2681    0.00    0.20    0.00    0.00    0.20    39  ptlrpcd_03_03
14:58:50        0      2682    0.00    0.20    0.00    0.00    0.20    42  ptlrpcd_03_04
14:58:50        0      2683    0.00    0.20    0.00    0.00    0.20    36  ptlrpcd_03_05
14:58:50        0      2684    0.00    0.20    0.00    0.00    0.20    39  ptlrpcd_03_06
14:58:50        0      2685    0.00    0.20    0.00    0.00    0.20    47  ptlrpcd_03_07
14:58:50        0      2686    0.00    0.20    0.00    0.00    0.20    42  ptlrpcd_03_08
14:58:50        0      2687    0.00    0.20    0.00    0.00    0.20    43  ptlrpcd_03_09
14:58:50        0      2688    0.00    0.20    0.00    0.00    0.20    42  ptlrpcd_03_10
14:58:50        0      2689    0.00    0.20    0.00    0.00    0.20    43  ptlrpcd_03_11
14:58:50        0      2710    0.00    0.20    0.00    0.00    0.20    41  ldlm_bl_01
14:58:50        0      3307    0.20    0.00    0.00    0.00    0.20     0  cvmfs2
14:58:50        0      3951    0.00    0.20    0.00    0.00    0.20    13  ldlm_bl_03
14:58:50        0     10993    0.00    0.20    0.00    0.00    0.20    15  ldlm_bl_04
14:58:50        0     12483    0.00    0.20    0.00    0.00    0.20    42  ldlm_bl_08
14:58:50        0     12485    0.00    0.20    0.00    0.00    0.20    18  ldlm_bl_10
14:58:50        0     12486    0.00    0.20    0.00    0.00    0.20    47  ldlm_bl_11
14:58:50        0     12489    0.00    0.20    0.00    0.00    0.20     2  ldlm_bl_14
14:58:50        0     12490    0.00    0.20    0.00    0.00    0.20     9  ldlm_bl_15
14:58:50        0     12491    0.00    0.20    0.00    0.00    0.20     7  ldlm_bl_16
14:58:50        0     12492    0.00    0.20    0.00    0.00    0.20    20  ldlm_bl_17
14:58:50        0     12493    0.00    0.20    0.00    0.00    0.20     8  ldlm_bl_18
14:58:50        0     12494    0.00    0.20    0.00    0.00    0.20    37  ldlm_bl_19
14:58:50        0     12497    0.00    0.20    0.00    0.00    0.20    37  ldlm_bl_22
14:58:50        0     12498    0.00    0.20    0.00    0.00    0.20    42  ldlm_bl_23
14:58:50        0     12499    0.00    0.20    0.00    0.00    0.20    11  ldlm_bl_24
14:58:50        0     12500    0.00    0.20    0.00    0.00    0.20     3  ldlm_bl_25
14:58:50        0     12505    0.00    0.20    0.00    0.00    0.20    37  ldlm_bl_30
14:58:50        0     50657    0.00    0.20    0.00    0.00    0.20    35  ldlm_bl_31
14:58:50        0     50658    0.00    0.20    0.00    0.00    0.20    28  ldlm_bl_32
14:58:50        0     50659    0.00    0.20    0.00    0.00    0.20    11  ldlm_bl_33
14:58:50        0     50662    0.00    0.20    0.00    0.00    0.20     4  ldlm_bl_36
14:58:50        0     50663    0.00    0.20    0.00    0.00    0.20     9  ldlm_bl_37
14:58:50        0     50665    0.00    0.20    0.00    0.00    0.20    34  ldlm_bl_39
14:58:50        0     50666    0.00    0.20    0.00    0.00    0.20     9  ldlm_bl_40
14:58:50        0     50667    0.00    0.20    0.00    0.00    0.20    41  ldlm_bl_41
14:58:50        0     50669    0.00    0.20    0.00    0.00    0.20    30  ldlm_bl_43
14:58:50        0     50670    0.00    0.20    0.00    0.00    0.20    32  ldlm_bl_44
14:58:50        0     50672    0.00    0.20    0.00    0.00    0.20    35  ldlm_bl_46
14:58:50        0     50673    0.00    0.20    0.00    0.00    0.20     2  ldlm_bl_47
14:58:50        0    227654    0.00    0.20    0.00    0.00    0.20     8  kworker/u96:2-ipoib_wq
14:58:50        0    232076    0.00    0.20    0.00    0.00    0.20    20  ldlm_bl_48
14:58:50    30910    239702    0.20    1.38    0.00    0.00    1.57    24  pidstat
14:58:50    30910    239703    9.06    4.33    0.00    0.00   13.39    27  python
14:58:50    30910    239705  118.11   17.91    0.00    0.00  136.02    26  java

14:58:45      UID       PID  minflt/s  majflt/s     VSZ     RSS   %MEM  Command
14:58:50        0      1451      8.46      0.00  728320   27776   0.08  node_exporter
14:58:50    30910    239702     41.34      0.00   23616   17792   0.05  pidstat
14:58:50    30910    239703    101.57      0.00   49792   37632   0.11  python
14:58:50    30910    239705    656.10      0.00 4981120  135488   0.41  java

14:58:50      UID       PID    %usr %system  %guest   %wait    %CPU   CPU  Command
14:58:55        0        11    0.00    0.20    0.00    0.00    0.20     4  rcu_sched
14:58:55        0      1465    0.20    0.20    0.00    0.00    0.40     2  NetworkManager
14:58:55        0      2625    0.00    0.20    0.00    0.00    0.20     8  kiblnd_sd_00_02
14:58:55        0      2629    0.00    0.20    0.00    0.00    0.20    12  kiblnd_sd_01_02
14:58:55        0    108131    0.00    0.20    0.00    0.00    0.20    45  kworker/45:2-events
14:58:55      901    184096    0.20    0.00    0.00    0.00    0.20    38  icinga2
14:58:55    30910    239702    0.40    1.40    0.00    0.00    1.80    24  pidstat
14:58:55    30910    239703    0.80    0.20    0.00    0.00    1.00    27  python
14:58:55    30910    239705  262.40    7.80    0.00    0.00  270.20    26  java

14:58:50      UID       PID  minflt/s  majflt/s     VSZ     RSS   %MEM  Command
14:58:55    30910    239702      2.60      0.00   23616   22016   0.07  pidstat
14:58:55    30910    239703     44.80      0.00  124672   38272   0.12  python
14:58:55    30910    239705    707.20      0.00 12510336  281600   0.86  java

14:58:55      UID       PID    %usr %system  %guest   %wait    %CPU   CPU  Command
14:59:00        0      1465    0.00    0.20    0.00    0.00    0.20     2  NetworkManager
14:59:00      201      1728    0.20    0.00    0.00    0.00    0.20     4  telegraf
14:59:00      201      2311    0.20    0.00    0.00    0.00    0.20    13  A64FX_IB
14:59:00        0      2634    0.00    0.20    0.00    0.00    0.20    31  kiblnd_sd_02_03
14:59:00    30910    239702    0.40    1.20    0.00    0.00    1.60    24  pidstat
14:59:00    30910    239703    0.20    0.00    0.00    0.00    0.20    27  python
14:59:00    30910    239705  252.60    8.40    0.00    0.00  261.00    26  java

14:58:55      UID       PID  minflt/s  majflt/s     VSZ     RSS   %MEM  Command
14:59:00    30910    239703      5.20      0.00  199168   38912   0.12  python
14:59:00    30910    239705    239.60      0.00 13426816  351232   1.07  java

14:59:00      UID       PID    %usr %system  %guest   %wait    %CPU   CPU  Command
14:59:05        0        11    0.00    0.20    0.00    0.00    0.20     8  rcu_sched
14:59:05        0      1420    0.20    0.00    0.00    0.00    0.20     6  cgroups_exporte
14:59:05        0      1451    4.40    2.20    0.00    0.00    6.60    28  node_exporter
14:59:05        0      1465    0.00    0.20    0.00    0.00    0.20     2  NetworkManager
14:59:05      201      1728    0.20    0.00    0.00    0.00    0.20     4  telegraf
14:59:05        0      2630    0.00    0.20    0.00    0.00    0.20    23  kiblnd_sd_01_03
14:59:05        0    231283    0.20    0.00    0.00    0.00    0.20     3  kworker/3:3-mm_percpu_wq
14:59:05    30910    239702    0.40    1.20    0.00    0.00    1.60    24  pidstat
14:59:05    30910    239703    0.20    0.20    0.00    0.00    0.40    13  python
14:59:05    30910    239705  219.00    5.80    0.00    0.00  224.80    26  java

14:59:00      UID       PID  minflt/s  majflt/s     VSZ     RSS   %MEM  Command
14:59:05        0      1451      9.20      0.00  728320   30208   0.09  node_exporter
14:59:05    30910    239703      0.80      0.00  199168   38912   0.12  python
14:59:05    30910    239705    245.00      0.00 13582464  418048   1.27  java

14:59:05      UID       PID    %usr %system  %guest   %wait    %CPU   CPU  Command
14:59:10        0      1465    0.00    0.20    0.00    0.00    0.20     2  NetworkManager
14:59:10        0      2626    0.00    0.20    0.00    0.00    0.20     7  kiblnd_sd_00_03
14:59:10        0      2627    0.00    1.20    0.00    0.00    1.20    23  kiblnd_sd_01_00
14:59:10        0      2628    0.00    1.20    0.00    0.00    1.20    20  kiblnd_sd_01_01
14:59:10        0      2629    0.00    1.20    0.00    0.00    1.20    21  kiblnd_sd_01_02
14:59:10        0      2630    0.00    1.00    0.00    0.00    1.00    22  kiblnd_sd_01_03
14:59:10        0      2631    0.00    0.40    0.00    0.00    0.40    32  kiblnd_sd_02_00
14:59:10        0      2632    0.00    0.40    0.00    0.00    0.40    34  kiblnd_sd_02_01
14:59:10        0      2633    0.00    0.40    0.00    0.00    0.40    35  kiblnd_sd_02_02
14:59:10        0      2634    0.00    0.20    0.00    0.00    0.20    32  kiblnd_sd_02_03
14:59:10        0      2643    0.00    0.20    0.00    0.00    0.20     7  ptlrpcd_00_01
14:59:10        0      2647    0.00    0.20    0.00    0.00    0.20     3  ptlrpcd_00_05
14:59:10        0      2648    0.00    0.20    0.00    0.00    0.20     1  ptlrpcd_00_06
14:59:10        0      2650    0.00    0.20    0.00    0.00    0.20     3  ptlrpcd_00_08
14:59:10        0      2652    0.00    0.20    0.00    0.00    0.20     5  ptlrpcd_00_10
14:59:10        0      2655    0.00    0.20    0.00    0.00    0.20    22  ptlrpcd_01_01
14:59:10        0      2657    0.00    0.20    0.00    0.00    0.20    15  ptlrpcd_01_03
14:59:10        0      2658    0.00    0.20    0.00    0.00    0.20    12  ptlrpcd_01_04
14:59:10        0      2665    0.00    0.20    0.00    0.00    0.20    19  ptlrpcd_01_11
14:59:10        0      2666    0.00    0.20    0.00    0.00    0.20    30  ptlrpcd_02_00
14:59:10        0      2668    0.00    0.20    0.00    0.00    0.20    26  ptlrpcd_02_02
14:59:10        0      2669    0.00    0.20    0.00    0.00    0.20    33  ptlrpcd_02_03
14:59:10        0      2670    0.00    0.20    0.00    0.00    0.20    30  ptlrpcd_02_04
14:59:10        0      2673    0.00    0.20    0.00    0.00    0.20    29  ptlrpcd_02_07
14:59:10        0      2676    0.00    0.20    0.00    0.00    0.20    25  ptlrpcd_02_10
14:59:10        0      2677    0.00    0.20    0.00    0.00    0.20    31  ptlrpcd_02_11
14:59:10        0      2680    0.00    0.20    0.00    0.00    0.20    36  ptlrpcd_03_02
14:59:10        0      2686    0.00    0.20    0.00    0.00    0.20    43  ptlrpcd_03_08
14:59:10        0      2688    0.00    0.20    0.00    0.00    0.20    43  ptlrpcd_03_10
14:59:10        0     12484    0.00    0.20    0.00    0.00    0.20    42  ldlm_bl_09
14:59:10        0     12487    0.00    0.20    0.00    0.00    0.20    18  ldlm_bl_12
14:59:10        0     12495    0.00    0.20    0.00    0.00    0.20    10  ldlm_bl_20
14:59:10        0     12496    0.00    0.20    0.00    0.00    0.20    39  ldlm_bl_21
14:59:10        0     12502    0.00    0.20    0.00    0.00    0.20    10  ldlm_bl_27
14:59:10        0     12504    0.00    0.20    0.00    0.00    0.20    18  ldlm_bl_29
14:59:10      901    184096    0.00    0.20    0.00    0.00    0.20    41  icinga2
14:59:10        0    225545    0.20    0.00    0.00    0.00    0.20     5  kworker/5:2-events
14:59:10        0    227654    0.00    0.20    0.00    0.00    0.20     3  kworker/u96:2-ipoib_wq
14:59:10        0    232077    0.00    0.20    0.00    0.00    0.20    28  ldlm_bl_49
14:59:10    30910    239702    0.20    1.40    0.00    0.00    1.60    24  pidstat
14:59:10    30910    239703   20.00   12.80    0.00    0.00   32.80    17  python
14:59:10    30910    239705  301.20    9.20    0.00    0.00  310.40    26  java

14:59:05      UID       PID  minflt/s  majflt/s     VSZ     RSS   %MEM  Command
14:59:10    30910    239703    167.80      0.00  239488   74432   0.23  python
14:59:10    30910    239705    337.00      0.00 15086080  505984   1.54  java

14:59:10      UID       PID    %usr %system  %guest   %wait    %CPU   CPU  Command
14:59:15        0         1    0.20    0.00    0.00    0.00    0.20    16  systemd
14:59:15        0        11    0.00    0.20    0.00    0.00    0.20     4  rcu_sched
14:59:15        0      1465    0.20    0.20    0.00    0.00    0.40     0  NetworkManager
14:59:15      201      1728    0.20    0.00    0.00    0.00    0.20     4  telegraf
14:59:15        0      2627    0.00    0.20    0.00    0.00    0.20    23  kiblnd_sd_01_00
14:59:15        0      2628    0.00    0.20    0.00    0.00    0.20    20  kiblnd_sd_01_01
14:59:15        0      2629    0.00    0.20    0.00    0.00    0.20    21  kiblnd_sd_01_02
14:59:15        0      2630    0.00    0.20    0.00    0.00    0.20    22  kiblnd_sd_01_03
14:59:15        0     11683    0.00    0.20    0.00    0.00    0.20    43  ldlm_bl_06
14:59:15        0     12482    0.00    0.20    0.00    0.00    0.20    30  ldlm_bl_07
14:59:15        0     12501    0.00    0.20    0.00    0.00    0.20    11  ldlm_bl_26
14:59:15    30910    239702    0.80    0.80    0.00    0.00    1.60    36  pidstat
14:59:15    30910    239703    1.00    0.40    0.00    0.00    1.40    17  python
14:59:15    30910    239705  462.40   11.00    0.00    0.00  473.40    26  java

14:59:10      UID       PID  minflt/s  majflt/s     VSZ     RSS   %MEM  Command
14:59:15    30910    239703      0.20      0.00  239488   74432   0.23  python
14:59:15    30910    239705    779.20      0.00 21168640  702976   2.14  java

14:59:15      UID       PID    %usr %system  %guest   %wait    %CPU   CPU  Command
14:59:20        0      1451    6.40    0.00    0.00    0.00    6.40    28  node_exporter
14:59:20        0      2627    0.00    0.40    0.00    0.00    0.40    21  kiblnd_sd_01_00
14:59:20        0      2628    0.00    0.40    0.00    0.00    0.40    23  kiblnd_sd_01_01
14:59:20        0      2629    0.00    0.20    0.00    0.00    0.20    12  kiblnd_sd_01_02
14:59:20        0      2630    0.00    0.40    0.00    0.00    0.40    20  kiblnd_sd_01_03
14:59:20        0      2642    0.00    0.20    0.00    0.00    0.20     5  ptlrpcd_00_00
14:59:20        0      2653    0.00    0.20    0.00    0.00    0.20     8  ptlrpcd_00_11
14:59:20        0      2661    0.00    0.20    0.00    0.00    0.20    17  ptlrpcd_01_07
14:59:20        0      2675    0.00    0.20    0.00    0.00    0.20    24  ptlrpcd_02_09
14:59:20        0      2684    0.00    0.20    0.00    0.00    0.20    44  ptlrpcd_03_06
14:59:20        0     12503    0.00    0.20    0.00    0.00    0.20    26  ldlm_bl_28
14:59:20        0     50664    0.00    0.20    0.00    0.00    0.20    30  ldlm_bl_38
14:59:20        0     50668    0.00    0.20    0.00    0.00    0.20    24  ldlm_bl_42
14:59:20        0    231383    0.20    0.00    0.00    0.00    0.20    36  kworker/36:0-mm_percpu_wq
14:59:20        0    231883    0.20    0.00    0.00    0.00    0.20     0  kworker/0:1-events
14:59:20    30910    239702    0.40    1.40    0.00    0.00    1.80    36  pidstat
14:59:20    30910    239703    1.60    0.60    0.00    0.00    2.20    17  python
14:59:20    30910    239705  279.60   12.40    0.00    0.00  292.00    26  java

14:59:15      UID       PID  minflt/s  majflt/s     VSZ     RSS   %MEM  Command
14:59:20        0      1420      0.20      0.00 2424960    9472   0.03  cgroups_exporte
14:59:20        0      1451      9.00      0.00  728320   29056   0.09  node_exporter
14:59:20    30910    239705    413.80      0.00 26507776  819520   2.49  java

14:59:20      UID       PID    %usr %system  %guest   %wait    %CPU   CPU  Command
14:59:25        0        11    0.00    0.20    0.00    0.00    0.20    18  rcu_sched
14:59:25        0      1465    0.20    0.40    0.00    0.00    0.60     0  NetworkManager
14:59:25      201      1728    0.20    0.00    0.00    0.00    0.20     4  telegraf
14:59:25        0      2627    0.00    0.20    0.00    0.00    0.20    20  kiblnd_sd_01_00
14:59:25        0      2628    0.00    0.20    0.00    0.00    0.20    21  kiblnd_sd_01_01
14:59:25        0      2629    0.00    0.40    0.00    0.00    0.40    14  kiblnd_sd_01_02
14:59:25        0      2630    0.00    0.20    0.00    0.00    0.20    21  kiblnd_sd_01_03
14:59:25        0      2634    0.00    0.20    0.00    0.00    0.20    34  kiblnd_sd_02_03
14:59:25        0      2664    0.00    0.20    0.00    0.00    0.20    22  ptlrpcd_01_10
14:59:25        0      2672    0.00    0.20    0.00    0.00    0.20    32  ptlrpcd_02_06
14:59:25        0      2674    0.00    0.20    0.00    0.00    0.20    26  ptlrpcd_02_08
14:59:25        0      2682    0.00    0.20    0.00    0.00    0.20    40  ptlrpcd_03_04
14:59:25        0      2683    0.00    0.20    0.00    0.00    0.20    41  ptlrpcd_03_05
14:59:25        0      2687    0.00    0.20    0.00    0.00    0.20    40  ptlrpcd_03_09
14:59:25        0      2711    0.00    0.20    0.00    0.00    0.20    10  ldlm_bl_02
14:59:25        0     50661    0.00    0.20    0.00    0.00    0.20     7  ldlm_bl_35
14:59:25        0     50670    0.00    0.20    0.00    0.00    0.20    15  ldlm_bl_44
14:59:25        0     50671    0.00    0.20    0.00    0.00    0.20     0  ldlm_bl_45
14:59:25        0    230786    0.20    0.00    0.00    0.00    0.20    46  kworker/46:2-mm_percpu_wq
14:59:25        0    231603    0.20    0.00    0.00    0.00    0.20    16  kworker/16:2-mm_percpu_wq
14:59:25        0    236364    0.20    0.00    0.00    0.00    0.20    26  slurmstepd
14:59:25    30910    239702    0.40    1.20    0.00    0.00    1.60    36  pidstat
14:59:25    30910    239703    2.40    0.00    0.00    0.00    2.40    24  python
14:59:25    30910    239705  543.80   20.80    0.00    0.00  564.60    26  java

14:59:20      UID       PID  minflt/s  majflt/s     VSZ     RSS   %MEM  Command
14:59:25        0      3087      0.60      0.00 3282624   23936   0.07  slurmd
14:59:25    30910    239703      1.00      0.00  239488   74432   0.23  python
14:59:25    30910    239705    410.20      0.00 28727808  908608   2.76  java

14:59:25      UID       PID    %usr %system  %guest   %wait    %CPU   CPU  Command
14:59:30        0      1465    0.20    0.00    0.00    0.00    0.20     2  NetworkManager
14:59:30        0      2685    0.00    0.20    0.00    0.00    0.20    42  ptlrpcd_03_07
14:59:30        0     11024    0.00    0.20    0.00    0.00    0.20    32  ldlm_bl_05
14:59:30      901    184096    0.20    0.00    0.00    0.00    0.20    38  icinga2
14:59:30        0    227654    0.00    0.20    0.00    0.00    0.20    42  kworker/u96:2-ipoib_wq
14:59:30    30910    239702    0.80    0.80    0.00    0.00    1.60    36  pidstat
14:59:30    30910    239703    0.80    0.40    0.00    0.00    1.20    25  python
14:59:30    30910    239705  461.60   10.00    0.00    0.00  471.60    26  java

14:59:25      UID       PID  minflt/s  majflt/s     VSZ     RSS   %MEM  Command
14:59:30    30910    239703      0.60      0.00  239488   74432   0.23  python
14:59:30    30910    239705    227.00      0.00 28737728  888512   2.70  java

14:59:30      UID       PID    %usr %system  %guest   %wait    %CPU   CPU  Command
14:59:35        0        11    0.00    0.20    0.00    0.00    0.20    20  rcu_sched
14:59:35        0      1420    0.20    0.00    0.00    0.00    0.20     6  cgroups_exporte
14:59:35        0      1451    5.80    0.80    0.00    0.00    6.60    28  node_exporter
14:59:35        0      1465    0.40    0.00    0.00    0.00    0.40     0  NetworkManager
14:59:35      201      1728    0.20    0.00    0.00    0.00    0.20     4  telegraf
14:59:35        0    229453    0.20    0.00    0.00    0.00    0.20    32  kworker/32:0-mm_percpu_wq
14:59:35        0    236357    0.20    0.20    0.00    0.00    0.40    27  slurmstepd
14:59:35    30910    239702    0.40    1.40    0.00    0.00    1.80    36  pidstat
14:59:35    30910    239703    1.20    0.00    0.00    0.00    1.20    25  python
14:59:35    30910    239705  374.00    9.20    0.00    0.00  383.20    26  java

14:59:30      UID       PID  minflt/s  majflt/s     VSZ     RSS   %MEM  Command
14:59:35        0      1451     10.80      0.00  728320   29952   0.09  node_exporter
14:59:35    30910    239703      0.20      0.00  239488   74432   0.23  python
14:59:35    30910    239705    191.80      0.00 28778688  898112   2.73  java

14:59:35      UID       PID    %usr %system  %guest   %wait    %CPU   CPU  Command
14:59:40        0       799    0.00    0.20    0.00    0.00    0.20    33  jbd2/nvme0n1p4-
14:59:40        0      2679    0.00    0.20    0.00    0.00    0.20    44  ptlrpcd_03_01
14:59:40        0     12492    0.00    0.20    0.00    0.00    0.20    34  ldlm_bl_17
14:59:40        0    231738    0.20    0.00    0.00    0.00    0.20     9  kworker/9:0-mm_percpu_wq
14:59:40        0    239649    0.20    0.00    0.00    0.00    0.20     2  kworker/u102:1-xprtiod
14:59:40    30910    239702    0.60    1.00    0.00    0.00    1.60    36  pidstat
14:59:40    30910    239703    1.40    0.00    0.00    0.00    1.40    25  python
14:59:40    30910    239705  313.60    5.00    0.00    0.00  318.60    26  java

14:59:35      UID       PID  minflt/s  majflt/s     VSZ     RSS   %MEM  Command
14:59:40    30910    239705     85.00      0.00 28786880  923392   2.81  java

14:59:40      UID       PID    %usr %system  %guest   %wait    %CPU   CPU  Command
14:59:45        0        11    0.00    0.20    0.00    0.00    0.20    12  rcu_sched
14:59:45        0      1465    0.20    0.20    0.00    0.00    0.40     0  NetworkManager
14:59:45      201      1728    0.20    0.00    0.00    0.00    0.20     4  telegraf
14:59:45        0      2627    0.00    0.20    0.00    0.00    0.20    20  kiblnd_sd_01_00
14:59:45        0      2630    0.00    0.20    0.00    0.00    0.20    18  kiblnd_sd_01_03
14:59:45        0      2633    0.00    0.20    0.00    0.00    0.20    27  kiblnd_sd_02_02
14:59:45        0      2651    0.00    0.20    0.00    0.00    0.20    11  ptlrpcd_00_09
14:59:45      901    184096    0.00    0.20    0.00    0.00    0.20    38  icinga2
14:59:45        0    236364    0.00    0.20    0.00    0.00    0.20    26  slurmstepd
14:59:45    30910    239702    0.00    1.60    0.00    0.00    1.60    36  pidstat
14:59:45    30910    239703    2.00    0.20    0.00    0.00    2.20    30  python
14:59:45    30910    239705  234.60   11.80    0.00    0.00  246.40    26  java

14:59:40      UID       PID  minflt/s  majflt/s     VSZ     RSS   %MEM  Command
14:59:45    30910    239705    176.00      0.00 28809408  974720   2.96  java

14:59:45      UID       PID    %usr %system  %guest   %wait    %CPU   CPU  Command
14:59:50        0      1451    7.20    0.00    0.00    0.00    7.20    28  node_exporter
14:59:50        0      1465    0.00    0.20    0.00    0.00    0.20     0  NetworkManager
14:59:50        0      2628    0.00    0.20    0.00    0.00    0.20    21  kiblnd_sd_01_01
14:59:50        0      2629    0.00    0.20    0.00    0.00    0.20    22  kiblnd_sd_01_02
14:59:50        0      2638    0.00    0.20    0.00    0.00    0.20    38  kiblnd_sd_03_03
14:59:50        0      2654    0.00    0.20    0.00    0.00    0.20    19  ptlrpcd_01_00
14:59:50        0      2681    0.00    0.20    0.00    0.00    0.20    39  ptlrpcd_03_03
14:59:50        0      2689    0.00    0.20    0.00    0.00    0.20    36  ptlrpcd_03_11
14:59:50        0     12488    0.00    0.20    0.00    0.00    0.20    38  ldlm_bl_13
14:59:50        0     12494    0.00    0.20    0.00    0.00    0.20    14  ldlm_bl_19
14:59:50        0    227654    0.00    0.20    0.00    0.00    0.20    18  kworker/u96:2-ipoib_wq
14:59:50    30910    239702    0.80    0.80    0.00    0.00    1.60    36  pidstat
14:59:50    30910    239703    1.80    0.20    0.00    0.00    2.00    31  python
14:59:50    30910    239705  247.40    5.40    0.00    0.00  252.80    26  java

14:59:45      UID       PID  minflt/s  majflt/s     VSZ     RSS   %MEM  Command
14:59:50        0      1451      7.40      0.00  728320   28608   0.09  node_exporter
14:59:50    30910    239705    197.80      0.00 28833984 1024000   3.11  java
