Linux 4.18.0-348.23.1.el8_5.aarch64 (cna0118.deucalion.macc.fccn.pt) 	11/03/26 	_aarch64_	(48 CPU)

14:50:17      UID       PID    %usr %system  %guest   %wait    %CPU   CPU  Command
14:50:22        0      1420    0.20    0.00    0.00    0.00    0.20     6  cgroups_exporte
14:50:22        0      1451    4.72    1.77    0.00    0.00    6.50    47  node_exporter
14:50:22        0      1641    0.20    0.00    0.00    0.00    0.20    27  sssd_nss
14:50:22      201      1728    0.20    0.00    0.00    0.00    0.20     4  telegraf
14:50:22        0      2625    0.00    0.20    0.00    0.00    0.20     1  kiblnd_sd_00_02
14:50:22        0      2626    0.00    0.20    0.00    0.00    0.20     2  kiblnd_sd_00_03
14:50:22        0      2627    0.00    3.54    0.00    0.00    3.54    16  kiblnd_sd_01_00
14:50:22        0      2628    0.00    3.35    0.00    0.00    3.35    14  kiblnd_sd_01_01
14:50:22        0      2629    0.00    3.54    0.00    0.00    3.54    21  kiblnd_sd_01_02
14:50:22        0      2630    0.00    3.74    0.00    0.00    3.74    22  kiblnd_sd_01_03
14:50:22        0      2631    0.00    0.20    0.00    0.00    0.20    31  kiblnd_sd_02_00
14:50:22        0      2632    0.00    0.39    0.00    0.00    0.39    32  kiblnd_sd_02_01
14:50:22        0      2633    0.00    0.39    0.00    0.00    0.39    31  kiblnd_sd_02_02
14:50:22        0      2634    0.00    0.20    0.00    0.00    0.20    32  kiblnd_sd_02_03
14:50:22        0      2642    0.00    0.20    0.00    0.00    0.20    10  ptlrpcd_00_00
14:50:22        0      2643    0.00    0.20    0.00    0.00    0.20     4  ptlrpcd_00_01
14:50:22        0      2644    0.00    0.39    0.00    0.00    0.39     8  ptlrpcd_00_02
14:50:22        0      2645    0.00    0.20    0.00    0.00    0.20    10  ptlrpcd_00_03
14:50:22        0      2646    0.00    0.20    0.00    0.00    0.20     0  ptlrpcd_00_04
14:50:22        0      2647    0.00    0.39    0.00    0.00    0.39    10  ptlrpcd_00_05
14:50:22        0      2648    0.00    0.39    0.00    0.00    0.39    10  ptlrpcd_00_06
14:50:22        0      2649    0.00    0.20    0.00    0.00    0.20     4  ptlrpcd_00_07
14:50:22        0      2650    0.00    0.39    0.00    0.00    0.39    10  ptlrpcd_00_08
14:50:22        0      2651    0.00    0.20    0.00    0.00    0.20     1  ptlrpcd_00_09
14:50:22        0      2652    0.00    0.39    0.00    0.00    0.39    10  ptlrpcd_00_10
14:50:22        0      2653    0.00    0.20    0.00    0.00    0.20     2  ptlrpcd_00_11
14:50:22        0      2655    0.00    0.20    0.00    0.00    0.20    17  ptlrpcd_01_01
14:50:22        0      2656    0.00    0.20    0.00    0.00    0.20    20  ptlrpcd_01_02
14:50:22        0      2657    0.00    0.20    0.00    0.00    0.20    12  ptlrpcd_01_03
14:50:22        0      2658    0.00    0.20    0.00    0.00    0.20    12  ptlrpcd_01_04
14:50:22        0      2662    0.00    0.20    0.00    0.00    0.20    20  ptlrpcd_01_08
14:50:22        0      2663    0.00    0.20    0.00    0.00    0.20    13  ptlrpcd_01_09
14:50:22        0      2665    0.00    0.20    0.00    0.00    0.20    17  ptlrpcd_01_11
14:50:22        0      2666    0.00    0.20    0.00    0.00    0.20    35  ptlrpcd_02_00
14:50:22        0      2667    0.00    0.20    0.00    0.00    0.20    27  ptlrpcd_02_01
14:50:22        0      2668    0.00    0.20    0.00    0.00    0.20    27  ptlrpcd_02_02
14:50:22        0      2669    0.00    0.20    0.00    0.00    0.20    34  ptlrpcd_02_03
14:50:22        0      2670    0.00    0.20    0.00    0.00    0.20    35  ptlrpcd_02_04
14:50:22        0      2671    0.00    0.20    0.00    0.00    0.20    34  ptlrpcd_02_05
14:50:22        0      2672    0.00    0.20    0.00    0.00    0.20    34  ptlrpcd_02_06
14:50:22        0      2673    0.00    0.20    0.00    0.00    0.20    35  ptlrpcd_02_07
14:50:22        0      2675    0.00    0.20    0.00    0.00    0.20    29  ptlrpcd_02_09
14:50:22        0      2676    0.00    0.20    0.00    0.00    0.20    25  ptlrpcd_02_10
14:50:22        0      2677    0.00    0.20    0.00    0.00    0.20    29  ptlrpcd_02_11
14:50:22        0      2679    0.00    0.20    0.00    0.00    0.20    43  ptlrpcd_03_01
14:50:22        0      2680    0.00    0.20    0.00    0.00    0.20    47  ptlrpcd_03_02
14:50:22        0      2681    0.00    0.20    0.00    0.00    0.20    42  ptlrpcd_03_03
14:50:22        0      2682    0.00    0.20    0.00    0.00    0.20    45  ptlrpcd_03_04
14:50:22        0      2683    0.00    0.20    0.00    0.00    0.20    37  ptlrpcd_03_05
14:50:22        0      2684    0.00    0.20    0.00    0.00    0.20    41  ptlrpcd_03_06
14:50:22        0      2685    0.00    0.20    0.00    0.00    0.20    42  ptlrpcd_03_07
14:50:22        0      2686    0.00    0.20    0.00    0.00    0.20    37  ptlrpcd_03_08
14:50:22        0      2687    0.00    0.20    0.00    0.00    0.20    44  ptlrpcd_03_09
14:50:22        0      2688    0.00    0.20    0.00    0.00    0.20    40  ptlrpcd_03_10
14:50:22        0      2689    0.00    0.20    0.00    0.00    0.20    41  ptlrpcd_03_11
14:50:22        0      3951    0.00    0.20    0.00    0.00    0.20    38  ldlm_bl_03
14:50:22        0     10993    0.00    0.20    0.00    0.00    0.20    31  ldlm_bl_04
14:50:22        0     11024    0.00    0.20    0.00    0.00    0.20    18  ldlm_bl_05
14:50:22        0     12483    0.00    0.20    0.00    0.00    0.20    38  ldlm_bl_08
14:50:22        0     12485    0.00    0.20    0.00    0.00    0.20     1  ldlm_bl_10
14:50:22        0     12486    0.00    0.20    0.00    0.00    0.20    27  ldlm_bl_11
14:50:22        0     12488    0.00    0.20    0.00    0.00    0.20     4  ldlm_bl_13
14:50:22        0     12489    0.00    0.20    0.00    0.00    0.20    47  ldlm_bl_14
14:50:22        0     12491    0.00    0.20    0.00    0.00    0.20    11  ldlm_bl_16
14:50:22        0     12492    0.00    0.20    0.00    0.00    0.20    25  ldlm_bl_17
14:50:22        0     12493    0.00    0.20    0.00    0.00    0.20    19  ldlm_bl_18
14:50:22        0     12494    0.00    0.20    0.00    0.00    0.20    39  ldlm_bl_19
14:50:22        0     12497    0.00    0.20    0.00    0.00    0.20    47  ldlm_bl_22
14:50:22        0     12498    0.00    0.20    0.00    0.00    0.20     5  ldlm_bl_23
14:50:22        0     12499    0.00    0.20    0.00    0.00    0.20     9  ldlm_bl_24
14:50:22        0     12500    0.00    0.20    0.00    0.00    0.20     1  ldlm_bl_25
14:50:22        0     12505    0.00    0.20    0.00    0.00    0.20    38  ldlm_bl_30
14:50:22        0     50657    0.00    0.20    0.00    0.00    0.20    31  ldlm_bl_31
14:50:22        0     50658    0.00    0.20    0.00    0.00    0.20    32  ldlm_bl_32
14:50:22        0     50659    0.00    0.20    0.00    0.00    0.20    47  ldlm_bl_33
14:50:22        0     50662    0.00    0.20    0.00    0.00    0.20     1  ldlm_bl_36
14:50:22        0     50663    0.00    0.20    0.00    0.00    0.20     3  ldlm_bl_37
14:50:22        0     50665    0.00    0.20    0.00    0.00    0.20    25  ldlm_bl_39
14:50:22        0     50666    0.00    0.20    0.00    0.00    0.20     9  ldlm_bl_40
14:50:22        0     50667    0.00    0.20    0.00    0.00    0.20    23  ldlm_bl_41
14:50:22        0     50668    0.00    0.20    0.00    0.00    0.20    31  ldlm_bl_42
14:50:22        0     50669    0.00    0.20    0.00    0.00    0.20    25  ldlm_bl_43
14:50:22        0     50670    0.00    0.20    0.00    0.00    0.20    31  ldlm_bl_44
14:50:22        0     50671    0.00    0.20    0.00    0.00    0.20    47  ldlm_bl_45
14:50:22        0     50673    0.00    0.20    0.00    0.00    0.20     9  ldlm_bl_47
14:50:22      901    184096    0.20    0.00    0.00    0.00    0.20    38  icinga2
14:50:22        0    205600    0.00    0.20    0.00    0.00    0.20     1  kworker/u102:0-xprtiod
14:50:22        0    231141    0.20    0.00    0.00    0.00    0.20    10  kworker/10:1-mm_percpu_wq
14:50:22        0    232076    0.00    0.20    0.00    0.00    0.20    14  ldlm_bl_48
14:50:22    30910    238925    0.00    1.57    0.00    0.00    1.57    35  pidstat
14:50:22    30910    238926    9.06    4.33    0.00    0.00   13.39    25  python
14:50:22    30910    238927  116.93   15.55    0.00    0.00  132.48    29  java

14:50:17      UID       PID  minflt/s  majflt/s     VSZ     RSS   %MEM  Command
14:50:22        0      1451     10.04      0.00  728320   26368   0.08  node_exporter
14:50:22        0      1641      0.39      0.00  117248   53504   0.16  sssd_nss
14:50:22    30910    238925     41.73      0.00   23808   17792   0.05  pidstat
14:50:22    30910    238926    101.18      0.00   49792   37632   0.11  python
14:50:22    30910    238927    643.31      0.00 4972928  131648   0.40  java

14:50:22      UID       PID    %usr %system  %guest   %wait    %CPU   CPU  Command
14:50:27        0        11    0.00    0.20    0.00    0.00    0.20     4  rcu_sched
14:50:27        0      1465    0.20    0.20    0.00    0.00    0.40     1  NetworkManager
14:50:27        0      2627    0.00    0.20    0.00    0.00    0.20    23  kiblnd_sd_01_00
14:50:27        0      2628    0.00    0.20    0.00    0.00    0.20    14  kiblnd_sd_01_01
14:50:27        0      2629    0.00    0.20    0.00    0.00    0.20    21  kiblnd_sd_01_02
14:50:27        0      2678    0.00    0.20    0.00    0.00    0.20    45  ptlrpcd_03_00
14:50:27        0      2679    0.00    0.20    0.00    0.00    0.20    43  ptlrpcd_03_01
14:50:27        0     50672    0.00    0.20    0.00    0.00    0.20    15  ldlm_bl_46
14:50:27        0    225545    0.20    0.00    0.00    0.00    0.20     5  kworker/5:2-events
14:50:27        0    227654    0.00    0.20    0.00    0.00    0.20    35  kworker/u96:2-ipoib_wq
14:50:27        0    230784    0.00    0.20    0.00    0.00    0.20    33  kworker/33:2-mm_percpu_wq
14:50:27    30910    238925    0.40    1.40    0.00    0.00    1.80    35  pidstat
14:50:27    30910    238926    1.00    0.20    0.00    0.00    1.20    25  python
14:50:27    30910    238927  270.40    9.40    0.00    0.00  279.80    29  java

14:50:22      UID       PID  minflt/s  majflt/s     VSZ     RSS   %MEM  Command
14:50:27    30910    238925      2.60      0.00   23808   22016   0.07  pidstat
14:50:27    30910    238926     44.40      0.00  124672   38272   0.12  python
14:50:27    30910    238927    703.60      0.00 12510208  274496   0.83  java

14:50:27      UID       PID    %usr %system  %guest   %wait    %CPU   CPU  Command
14:50:32        0         1    0.00    0.20    0.00    0.00    0.20     8  systemd
14:50:32        0       225    0.00    0.20    0.00    0.00    0.20    35  ksoftirqd/35
14:50:32        0      2637    0.00    0.20    0.00    0.00    0.20    40  kiblnd_sd_03_02
14:50:32        0      2643    0.00    0.20    0.00    0.00    0.20     4  ptlrpcd_00_01
14:50:32      901    184096    0.00    0.20    0.00    0.00    0.20    38  icinga2
14:50:32    30910    238925    0.80    1.00    0.00    0.00    1.80    35  pidstat
14:50:32    30910    238926    0.20    0.20    0.00    0.00    0.40    38  python
14:50:32    30910    238927  249.60    7.80    0.00    0.00  257.40    29  java

14:50:27      UID       PID  minflt/s  majflt/s     VSZ     RSS   %MEM  Command
14:50:32    30910    238926      5.40      0.00  199168   38912   0.12  python
14:50:32    30910    238927    210.80      0.00 13482112  325632   0.99  java

14:50:32      UID       PID    %usr %system  %guest   %wait    %CPU   CPU  Command
14:50:37        0        11    0.00    0.20    0.00    0.00    0.20     1  rcu_sched
14:50:37        0      1451    5.00    1.00    0.00    0.00    6.00    38  node_exporter
14:50:37        0      1465    0.00    0.20    0.00    0.00    0.20     1  NetworkManager
14:50:37        0      2674    0.00    0.20    0.00    0.00    0.20    27  ptlrpcd_02_08
14:50:37    30910    238925    0.40    1.20    0.00    0.00    1.60    35  pidstat
14:50:37    30910    238927  204.20    5.80    0.00    0.00  210.00    29  java

14:50:32      UID       PID  minflt/s  majflt/s     VSZ     RSS   %MEM  Command
14:50:37        0      1451     10.20      0.00  728320   24960   0.08  node_exporter
14:50:37    30910    238926      1.00      0.00  199168   38912   0.12  python
14:50:37    30910    238927    652.60      0.00 13650048  523008   1.59  java

14:50:37      UID       PID    %usr %system  %guest   %wait    %CPU   CPU  Command
14:50:42        0      1465    0.20    0.20    0.00    0.00    0.40     0  NetworkManager
14:50:42      201      1728    1.40    0.00    0.00    0.00    1.40     4  telegraf
14:50:42        0      2623    0.00    0.20    0.00    0.00    0.20     8  kiblnd_sd_00_00
14:50:42        0      2624    0.00    0.20    0.00    0.00    0.20     3  kiblnd_sd_00_01
14:50:42        0      2625    0.00    0.20    0.00    0.00    0.20     7  kiblnd_sd_00_02
14:50:42        0      2627    0.00    1.20    0.00    0.00    1.20    13  kiblnd_sd_01_00
14:50:42        0      2628    0.00    1.20    0.00    0.00    1.20    15  kiblnd_sd_01_01
14:50:42        0      2629    0.00    1.20    0.00    0.00    1.20    22  kiblnd_sd_01_02
14:50:42        0      2630    0.00    1.20    0.00    0.00    1.20    23  kiblnd_sd_01_03
14:50:42        0      2631    0.00    0.40    0.00    0.00    0.40    31  kiblnd_sd_02_00
14:50:42        0      2632    0.00    0.40    0.00    0.00    0.40    34  kiblnd_sd_02_01
14:50:42        0      2633    0.00    0.40    0.00    0.00    0.40    33  kiblnd_sd_02_02
14:50:42        0      2634    0.00    0.40    0.00    0.00    0.40    34  kiblnd_sd_02_03
14:50:42        0      2642    0.00    0.20    0.00    0.00    0.20    10  ptlrpcd_00_00
14:50:42        0      2644    0.00    0.20    0.00    0.00    0.20     8  ptlrpcd_00_02
14:50:42        0      2645    0.00    0.20    0.00    0.00    0.20    10  ptlrpcd_00_03
14:50:42        0      2646    0.00    0.20    0.00    0.00    0.20     6  ptlrpcd_00_04
14:50:42        0      2649    0.00    0.20    0.00    0.00    0.20     4  ptlrpcd_00_07
14:50:42        0      2651    0.00    0.20    0.00    0.00    0.20    10  ptlrpcd_00_09
14:50:42        0      2653    0.00    0.20    0.00    0.00    0.20     0  ptlrpcd_00_11
14:50:42        0      2661    0.00    0.20    0.00    0.00    0.20    20  ptlrpcd_01_07
14:50:42        0      2664    0.00    0.20    0.00    0.00    0.20    18  ptlrpcd_01_10
14:50:42        0      2667    0.00    0.20    0.00    0.00    0.20    29  ptlrpcd_02_01
14:50:42        0      2671    0.00    0.20    0.00    0.00    0.20    33  ptlrpcd_02_05
14:50:42        0      2685    0.00    0.20    0.00    0.00    0.20    42  ptlrpcd_03_07
14:50:42        0      2686    0.00    0.20    0.00    0.00    0.20    37  ptlrpcd_03_08
14:50:42        0      2688    0.00    0.20    0.00    0.00    0.20    37  ptlrpcd_03_10
14:50:42        0      2689    0.00    0.20    0.00    0.00    0.20    42  ptlrpcd_03_11
14:50:42        0      2710    0.00    0.20    0.00    0.00    0.20    36  ldlm_bl_01
14:50:42        0     12482    0.00    0.20    0.00    0.00    0.20     3  ldlm_bl_07
14:50:42        0     12484    0.00    0.20    0.00    0.00    0.20    16  ldlm_bl_09
14:50:42        0     12487    0.00    0.20    0.00    0.00    0.20     9  ldlm_bl_12
14:50:42        0     12495    0.00    0.20    0.00    0.00    0.20     7  ldlm_bl_20
14:50:42        0     12502    0.00    0.20    0.00    0.00    0.20     9  ldlm_bl_27
14:50:42        0     12504    0.00    0.20    0.00    0.00    0.20     6  ldlm_bl_29
14:50:42        0    232077    0.00    0.20    0.00    0.00    0.20    19  ldlm_bl_49
14:50:42    30910    238925    0.20    1.60    0.00    0.00    1.80    35  pidstat
14:50:42    30910    238926   20.00   12.80    0.00    0.00   32.80     2  python
14:50:42    30910    238927  246.00    7.20    0.00    0.00  253.20    29  java

14:50:37      UID       PID  minflt/s  majflt/s     VSZ     RSS   %MEM  Command
14:50:42      201      1728      0.00      0.00 5657152  129024   0.39  telegraf
14:50:42    30910    238926    168.20      0.00  239488   74432   0.23  python
14:50:42    30910    238927    286.20      0.00 14342656  601472   1.83  java

14:50:42      UID       PID    %usr %system  %guest   %wait    %CPU   CPU  Command
14:50:47        0        11    0.00    0.20    0.00    0.00    0.20    21  rcu_sched
14:50:47        0      1465    0.20    0.00    0.00    0.00    0.20     2  NetworkManager
14:50:47      201      1728    0.20    0.00    0.00    0.00    0.20     4  telegraf
14:50:47        0      2627    0.00    0.20    0.00    0.00    0.20    21  kiblnd_sd_01_00
14:50:47        0      2628    0.00    0.20    0.00    0.00    0.20    15  kiblnd_sd_01_01
14:50:47        0      2629    0.00    0.20    0.00    0.00    0.20    23  kiblnd_sd_01_02
14:50:47        0      2630    0.00    0.20    0.00    0.00    0.20    13  kiblnd_sd_01_03
14:50:47        0      2647    0.00    0.20    0.00    0.00    0.20    10  ptlrpcd_00_05
14:50:47        0      2654    0.00    0.20    0.00    0.00    0.20    20  ptlrpcd_01_00
14:50:47        0      2711    0.00    0.20    0.00    0.00    0.20     6  ldlm_bl_02
14:50:47        0     12496    0.00    0.20    0.00    0.00    0.20     3  ldlm_bl_21
14:50:47        0     50664    0.00    0.20    0.00    0.00    0.20    41  ldlm_bl_38
14:50:47        0    152525    0.00    0.20    0.00    0.00    0.20    28  kworker/28:2-mm_percpu_wq
14:50:47        0    227654    0.00    0.20    0.00    0.00    0.20    26  kworker/u96:2-ipoib_wq
14:50:47    30910    238925    0.40    1.20    0.00    0.00    1.60    24  pidstat
14:50:47    30910    238926    1.60    0.00    0.00    0.00    1.60     2  python
14:50:47    30910    238927  445.60   11.60    0.00    0.00  457.20    29  java

14:50:42      UID       PID  minflt/s  majflt/s     VSZ     RSS   %MEM  Command
14:50:47    30910    238926      0.20      0.00  239488   74432   0.23  python
14:50:47    30910    238927    400.60      0.00 21979648  674496   2.05  java

14:50:47      UID       PID    %usr %system  %guest   %wait    %CPU   CPU  Command
14:50:52        0      1420    0.20    0.00    0.00    0.00    0.20     6  cgroups_exporte
14:50:52        0      1451    5.60    1.00    0.00    0.00    6.60    44  node_exporter
14:50:52        0      1465    0.00    0.20    0.00    0.00    0.20     1  NetworkManager
14:50:52      201      1728    0.20    0.00    0.00    0.00    0.20     4  telegraf
14:50:52        0      2627    0.00    0.20    0.00    0.00    0.20    22  kiblnd_sd_01_00
14:50:52        0      2628    0.00    0.20    0.00    0.00    0.20    20  kiblnd_sd_01_01
14:50:52        0      2629    0.00    0.20    0.00    0.00    0.20    21  kiblnd_sd_01_02
14:50:52        0      2630    0.00    0.20    0.00    0.00    0.20    12  kiblnd_sd_01_03
14:50:52        0      2631    0.00    0.20    0.00    0.00    0.20    24  kiblnd_sd_02_00
14:50:52        0      2648    0.00    0.20    0.00    0.00    0.20     8  ptlrpcd_00_06
14:50:52        0      2680    0.00    0.20    0.00    0.00    0.20    39  ptlrpcd_03_02
14:50:52        0      3232    0.20    0.20    0.00    0.00    0.40    41  cvmfs2
14:50:52        0     11683    0.00    0.20    0.00    0.00    0.20    41  ldlm_bl_06
14:50:52        0     12501    0.00    0.20    0.00    0.00    0.20    43  ldlm_bl_26
14:50:52      901    184096    0.00    0.20    0.00    0.00    0.20    38  icinga2
14:50:52        0    206198    0.20    0.00    0.00    0.00    0.20    25  kworker/25:2-mm_percpu_wq
14:50:52    30910    238925    0.00    1.80    0.00    0.00    1.80    24  pidstat
14:50:52    30910    238926    1.20    0.80    0.00    0.00    2.00     4  python
14:50:52    30910    238927  293.20    9.20    0.00    0.00  302.40    29  java

14:50:47      UID       PID  minflt/s  majflt/s     VSZ     RSS   %MEM  Command
14:50:52        0      1420      2.00      0.00 2424960    9472   0.03  cgroups_exporte
14:50:52        0      1451     10.40      0.00  728320   27264   0.08  node_exporter
14:50:52    30910    238927    142.40      0.00 26778112  694208   2.11  java

14:50:52      UID       PID    %usr %system  %guest   %wait    %CPU   CPU  Command
14:50:57        0        11    0.00    0.20    0.00    0.00    0.20    33  rcu_sched
14:50:57        0      1465    0.20    0.20    0.00    0.00    0.40     0  NetworkManager
14:50:57        0      2627    0.00    0.20    0.00    0.00    0.20    20  kiblnd_sd_01_00
14:50:57        0      2628    0.00    0.20    0.00    0.00    0.20    14  kiblnd_sd_01_01
14:50:57        0      2629    0.00    0.20    0.00    0.00    0.20    21  kiblnd_sd_01_02
14:50:57        0      2630    0.00    0.20    0.00    0.00    0.20    14  kiblnd_sd_01_03
14:50:57        0      2650    0.00    0.20    0.00    0.00    0.20    10  ptlrpcd_00_08
14:50:57        0      2652    0.00    0.20    0.00    0.00    0.20    10  ptlrpcd_00_10
14:50:57        0      2684    0.00    0.20    0.00    0.00    0.20    36  ptlrpcd_03_06
14:50:57        0     12503    0.00    0.20    0.00    0.00    0.20     4  ldlm_bl_28
14:50:57        0     50668    0.00    0.20    0.00    0.00    0.20    35  ldlm_bl_42
14:50:57        0    236364    0.00    0.20    0.00    0.00    0.20    26  slurmstepd
14:50:57    30910    238925    0.20    1.40    0.00    0.00    1.60    24  pidstat
14:50:57    30910    238926    2.00    0.80    0.00    0.00    2.80     4  python
14:50:57    30910    238927  515.40   22.80    0.00    0.00  538.20    29  java

14:50:52      UID       PID  minflt/s  majflt/s     VSZ     RSS   %MEM  Command
14:50:57    30910    238926      1.00      0.00  239488   74432   0.23  python
14:50:57    30910    238927    416.80      0.00 28721536  785472   2.39  java

14:50:57      UID       PID    %usr %system  %guest   %wait    %CPU   CPU  Command
14:51:02        0      1465    0.00    0.20    0.00    0.00    0.20     1  NetworkManager
14:51:02      201      1728    0.20    0.00    0.00    0.00    0.20     4  telegraf
14:51:02        0      2629    0.00    0.20    0.00    0.00    0.20    20  kiblnd_sd_01_02
14:51:02        0     50661    0.00    0.20    0.00    0.00    0.20     9  ldlm_bl_35
14:51:02      901    184193    0.00    0.20    0.00    0.00    0.20    43  icinga2
14:51:02        0    227654    0.00    0.20    0.00    0.00    0.20    31  kworker/u96:2-ipoib_wq
14:51:02    30910    238925    0.40    1.20    0.00    0.00    1.60    26  pidstat
14:51:02    30910    238926    0.20    0.80    0.00    0.00    1.00     4  python
14:51:02    30910    238927  434.60   12.20    0.00    0.00  446.80    29  java

14:50:57      UID       PID  minflt/s  majflt/s     VSZ     RSS   %MEM  Command
14:51:02        0      3110      0.40      0.00   18688    5760   0.02  crond
14:51:02      901    184096      0.20      0.00 13277952   50368   0.15  icinga2
14:51:02      901    184193      3.00      0.00  324096   17536   0.05  icinga2
14:51:02    30910    238926      0.60      0.00  239488   74432   0.23  python
14:51:02    30910    238927    198.00      0.00 28742016  833472   2.53  java

14:51:02      UID       PID    %usr %system  %guest   %wait    %CPU   CPU  Command
14:51:07        0        11    0.00    0.20    0.00    0.00    0.20     7  rcu_sched
14:51:07        0      1420    0.40    0.00    0.00    0.00    0.40     6  cgroups_exporte
14:51:07        0      1451    4.20    2.60    0.00    0.00    6.80    47  node_exporter
14:51:07        0      1465    0.00    0.20    0.00    0.00    0.20     1  NetworkManager
14:51:07      201      1728    0.20    0.00    0.00    0.00    0.20     4  telegraf
14:51:07        0      2627    0.00    0.20    0.00    0.00    0.20    22  kiblnd_sd_01_00
14:51:07        0      2630    0.00    0.20    0.00    0.00    0.20    14  kiblnd_sd_01_03
14:51:07        0    231883    0.20    0.00    0.00    0.00    0.20     0  kworker/0:1-mm_percpu_wq
14:51:07        0    236364    0.20    0.00    0.00    0.00    0.20    26  slurmstepd
14:51:07    30910    238925    0.40    1.40    0.00    0.00    1.80    26  pidstat
14:51:07    30910    238926    1.00    0.80    0.00    0.00    1.80     6  python
14:51:07    30910    238927  339.40    7.80    0.00    0.00  347.20    29  java

14:51:02      UID       PID  minflt/s  majflt/s     VSZ     RSS   %MEM  Command
14:51:07        0      1420      0.60      0.00 2424960    9472   0.03  cgroups_exporte
14:51:07        0      1451      9.20      0.00  728320   28288   0.09  node_exporter
14:51:07    30910    238926      0.20      0.00  239488   74432   0.23  python
14:51:07    30910    238927    130.20      0.00 28774784  861056   2.62  java

14:51:07      UID       PID    %usr %system  %guest   %wait    %CPU   CPU  Command
14:51:12        0      1196    0.20    0.00    0.00    0.00    0.20    31  kworker/31:1H-kblockd
14:51:12      201      1728    0.20    0.00    0.00    0.00    0.20     4  telegraf
14:51:12      901      1744    0.00    0.20    0.00    0.00    0.20    13  icinga2
14:51:12        0      2628    0.00    0.20    0.00    0.00    0.20    23  kiblnd_sd_01_01
14:51:12        0     50671    0.00    0.20    0.00    0.00    0.20     7  ldlm_bl_45
14:51:12        0    225545    0.20    0.00    0.00    0.00    0.20     5  kworker/5:2-mm_percpu_wq
14:51:12        0    236348    0.20    0.00    0.00    0.00    0.20    30  kworker/u99:3-flush-lustre-ffff807fc0
14:51:12    30910    238925    0.20    1.40    0.00    0.00    1.60    26  pidstat
14:51:12    30910    238926    1.20    0.20    0.00    0.00    1.40     6  python
14:51:12    30910    238927  291.60    5.00    0.00    0.00  296.60    29  java

14:51:07      UID       PID  minflt/s  majflt/s     VSZ     RSS   %MEM  Command
14:51:12    30910    238927    141.00      0.00 28791168  893568   2.72  java

14:51:12      UID       PID    %usr %system  %guest   %wait    %CPU   CPU  Command
14:51:17        0        11    0.00    0.20    0.00    0.00    0.20     1  rcu_sched
14:51:17        0      1465    0.00    0.20    0.00    0.00    0.20     2  NetworkManager
14:51:17        0     11024    0.00    0.20    0.00    0.00    0.20    27  ldlm_bl_05
14:51:17        0     12488    0.00    0.20    0.00    0.00    0.20    39  ldlm_bl_13
14:51:17      901    184096    0.20    0.20    0.00    0.00    0.40    41  icinga2
14:51:17    30910    238925    0.40    1.20    0.00    0.00    1.60    27  pidstat
14:51:17    30910    238926    1.80    0.40    0.00    0.00    2.20     6  python
14:51:17    30910    238927  191.00    5.00    0.00    0.00  196.00    29  java

14:51:12      UID       PID  minflt/s  majflt/s     VSZ     RSS   %MEM  Command
14:51:17    30910    238927     53.00      0.00 28811648  893184   2.71  java
